$SPEC_ID:
No sample description was entered.
$SPEC_REM:
DET# 1
DETDESC# E-C07SRPLAB048 MCB 129
AP# Maestro Version 7.01
$DATE_MEA:
12/09/2016 12:46:52
$MEAS_TIM:
426 426
$DATA:
0 1023
       0
       0
       0
       0
       0
       0
       0
       0
       0
       0
       0
      84
     190
     198
     177
     210
     196
     210
     191
     213
     229
     207
     194
     199
     192
     217
     205
     199
     203
     219
     214
     206
     219
     234
     216
     205
     203
     220
     191
     237
     233
     218
     217
     233
     246
     209
     243
     212
     252
     254
     261
     292
     346
     381
     377
     374
     420
     398
     371
     389
     332
     332
     322
     316
     272
     286
     285
     258
     252
     224
     243
     214
     245
     214
     230
     241
     219
     235
     243
     230
     219
     232
     230
     229
     219
     216
     230
     219
     264
     242
     229
     227
     226
     219
     214
     249
     250
     232
     227
     212
     234
     225
     224
     239
     233
     235
     243
     229
     241
     235
     264
     217
     246
     262
     242
     255
     222
     256
     234
     257
     285
     292
     276
     261
     261
     259
     263
     263
     254
     249
     245
     274
     288
     275
     275
     259
     266
     276
     272
     268
     280
     269
     265
     237
     260
     257
     256
     263
     279
     248
     269
     229
     285
     239
     271
     265
     261
     268
     282
     250
     255
     267
     302
     255
     253
     251
     239
     255
     270
     249
     262
     262
     271
     282
     257
     251
     250
     265
     255
     260
     297
     251
     264
     275
     263
     246
     259
     255
     261
     302
     269
     283
     274
     253
     258
     257
     264
     259
     259
     283
     280
     280
     251
     262
     254
     285
     261
     301
     267
     275
     270
     281
     273
     278
     285
     299
     292
     294
     293
     267
     287
     278
     281
     280
     270
     293
     284
     285
     302
     274
     299
     288
     311
     241
     298
     277
     303
     290
     279
     313
     293
     294
     299
     301
     321
     307
     314
     274
     301
     300
     308
     285
     303
     301
     282
     306
     325
     316
     316
     308
     313
     339
     314
     339
     319
     310
     330
     326
     295
     328
     306
     328
     332
     339
     346
     338
     328
     355
     359
     336
     318
     331
     299
     337
     337
     389
     324
     356
     334
     353
     348
     311
     324
     337
     302
     300
     298
     321
     303
     309
     307
     303
     327
     306
     308
     317
     323
     313
     327
     322
     321
     292
     294
     292
     303
     292
     285
     291
     309
     291
     276
     284
     325
     291
     289
     283
     285
     304
     278
     286
     261
     290
     301
     281
     278
     289
     308
     264
     274
     279
     297
     266
     282
     254
     263
     264
     253
     263
     267
     254
     264
     278
     268
     232
     260
     276
     246
     237
     251
     243
     248
     259
     232
     243
     229
     218
     235
     223
     219
     235
     216
     191
     212
     215
     202
     191
     225
     196
     173
     208
     202
     177
     183
     181
     194
     155
     186
     194
     194
     199
     203
     173
     205
     182
     196
     165
     199
     233
     226
     204
     209
     187
     227
     243
     229
     234
     247
     277
     285
     284
     279
     298
     285
     345
     323
     372
     352
     385
     405
     416
     399
     419
     460
     419
     489
     473
     458
     510
     518
     504
     472
     471
     479
     510
     441
     466
     450
     470
     476
     445
     399
     453
     386
     360
     359
     337
     270
     293
     279
     309
     266
     240
     221
     207
     183
     171
     173
     135
     130
     106
      86
      85
      80
      76
      68
      65
      46
      41
      40
      38
      32
      27
      23
      20
      14
      18
      12
       9
      11
      14
      10
       7
      11
       4
       2
       2
       1
       9
       4
       2
       5
       3
       5
       5
       2
       0
       1
       5
       2
       1
       2
       1
       2
       1
       5
       2
       1
       2
       4
       1
       1
       1
       4
       5
       1
       1
       1
       0
       7
       3
       3
       3
       5
       5
       3
       3
       1
       2
       2
       3
       5
       1
       3
       3
       2
       5
       2
       2
       1
       2
       1
       1
       3
       4
       2
       1
       2
       4
       0
       1
       1
       4
       2
       3
       1
       5
       1
       5
       0
       9
       6
       2
       2
       7
       2
       1
       2
       4
       5
       2
       4
       4
       0
       1
       1
       1
       1
       3
       3
       0
       2
       0
       1
       0
       1
       3
       0
       2
       3
       2
       1
       1
       3
       4
       2
       1
       2
       1
       4
       1
       5
       0
       6
       2
       3
       2
       1
       0
       2
       4
       0
       1
       6
       4
       1
       2
       4
       0
       0
       4
       3
       3
       0
       2
       0
       1
       0
       0
       3
       2
       4
       3
       0
       0
       1
       4
       1
       3
       4
       0
       2
       1
       2
       1
       1
       3
       1
       2
       1
       2
       1
       4
       1
       1
       4
       0
       0
       3
       0
       2
       1
       2
       1
       0
       1
       1
       1
       1
       3
       0
       1
       3
       4
       0
       0
       1
       1
       0
       1
       1
       1
       1
       1
       2
       3
       2
       1
       0
       2
       2
       1
       1
       4
       3
       1
       1
       0
       0
       1
       2
       1
       1
       3
       4
       3
       2
       0
       0
       1
       2
       1
       0
       0
       1
       3
       2
       1
       0
       1
       1
       0
       2
       2
       0
       2
       0
       5
       3
       1
       4
       1
       2
       2
       1
       2
       0
       2
       0
       2
       2
       3
       2
       5
       1
       2
       0
       1
       0
       1
       3
       2
       3
       1
       1
       1
       0
       0
       0
       3
       6
       1
       0
       3
       2
       4
       1
       2
       2
       2
       2
       0
       2
       3
       0
       1
       2
       0
       1
       0
       0
       2
       0
       0
       0
       1
       0
       0
       2
       3
       1
       0
       1
       2
       0
       1
       3
       1
       1
       4
       1
       1
       3
       5
       1
       2
       1
       4
       3
       1
       0
       1
       1
       5
       2
       2
       2
       4
       0
       2
       1
       1
       4
       0
       4
       0
       0
       0
       3
       3
       1
       5
       4
       0
       2
       4
       1
       1
       1
       3
       2
       0
       1
       0
       1
       1
       0
       0
       1
       2
       0
       0
       0
       2
       1
       1
       0
       1
       0
       1
       1
       5
       1
       2
       0
       1
       2
       1
       2
       1
       0
       1
       0
       0
       1
       1
       0
       1
       2
       1
       1
       2
       2
       0
       0
       0
       0
       0
       2
       2
       1
       1
       2
       1
       0
       0
       1
       0
       0
       0
       0
       0
       1
       2
       0
       1
       1
       0
       1
       0
       0
       3
       2
       1
       0
       0
       1
       0
       2
       0
       0
       2
       1
       1
       1
       1
       1
       1
       2
       2
       4
       1
       1
       1
       0
       0
       3
       0
       0
       1
       1
       1
       3
       1
       2
       0
       4
       2
       3
       2
       1
       2
       1
       2
       1
       1
       0
       2
       3
       1
       0
       0
       0
       2
       2
       0
       2
       1
       2
       1
       0
       0
       0
       1
       1
       0
       1
       1
       1
       1
       0
       0
       1
       1
       1
       1
       1
       3
       0
       0
       0
       2
       0
       0
       1
       0
       0
       0
       0
       1
       0
       1
       1
       1
       0
       1
       0
       0
       0
       1
       2
       0
       1
       0
       1
       2
       2
       0
       0
       0
       0
       0
       1
       2
       2
$ROI:
1
409 453
$PRESETS:
None
0
0
$ENER_FIT:
0.000000 1.515067
$MCA_CAL:
3
0.000000E+000 1.515067E+000 0.000000E+000 keV
$SHAPE_CAL:
3
3.332076E+001 0.000000E+000 0.000000E+000
