$SPEC_ID:
No sample description was entered.
$SPEC_REM:
DET# 1
DETDESC# E-C07SRPLAB048 MCB 129
AP# Maestro Version 7.01
$DATE_MEA:
12/09/2016 15:07:42
$MEAS_TIM:
811 811
$DATA:
0 1023
       0
       0
       0
       0
       0
       0
       0
       0
       0
       0
       1
       6
      13
      11
       9
      14
      10
      15
      16
      17
       8
      25
      22
      11
      21
      13
      17
      14
      18
      20
      18
      17
      16
      15
      19
      17
      14
      20
      20
      24
      21
      16
      26
      25
      21
      30
      41
      33
      40
      39
      43
      54
      53
      60
      58
      68
      65
      65
      48
      54
      53
      50
      58
      51
      48
      42
      37
      57
      41
      44
      51
      43
      46
      50
      35
      50
      42
      40
      42
      31
      53
      30
      44
      33
      47
      44
      36
      34
      40
      43
      61
      25
      47
      52
      43
      35
      52
      55
      51
      61
      57
      50
      56
      45
      43
      48
      51
      62
      50
      46
      52
      57
      61
      49
      47
      36
      57
      65
      40
      52
      50
      47
      48
      44
      57
      50
      48
      49
      44
      44
      41
      62
      53
      57
      57
      61
      77
      63
      68
      80
      93
      93
      91
     102
     128
     117
     115
     129
     146
     165
     168
     140
     152
     168
     155
     134
     167
     144
     136
     125
     129
     107
     101
      94
      75
      83
      63
      67
      57
      59
      47
      37
      36
      31
      41
      44
      26
      32
      28
      24
      24
      19
      27
      28
      23
      29
      20
      24
      23
      26
      22
      22
      11
      13
      16
      23
      14
      10
      20
      13
      12
      18
      17
      14
      20
      20
       8
      18
      14
      16
      12
      13
      10
      18
      20
      15
      14
      18
      12
      14
      12
      16
      13
      19
       6
      11
      13
      10
       9
      15
       9
      15
      17
      11
       9
      12
      10
      16
       6
      11
      15
      12
      12
      10
      12
       5
      11
      16
      13
       7
      11
      11
      11
       7
      12
       4
       7
      10
      12
       6
       9
      15
       8
      14
       8
      12
       9
       9
      11
       7
       9
      13
       9
       9
       8
      12
       9
      11
       3
      11
       7
      10
      10
      10
       5
      13
      10
       8
       9
      10
      13
       4
       6
       9
       4
       6
      12
       9
       6
       4
       6
      14
       9
      13
      16
       2
       9
      14
      10
       8
       8
       5
      11
       4
      18
      10
      11
       4
      10
      12
      10
       6
       9
       7
       8
       8
       9
      10
       6
       4
       5
       9
       7
       7
       6
       6
      11
      13
       8
       7
      10
       8
       6
       6
      12
       6
       7
       5
      11
       7
       9
      12
       4
       8
       4
       5
       6
       6
      10
       7
       5
       7
       8
       3
       2
       6
       5
      11
       7
       9
       8
       9
       7
       7
       8
      11
       7
      11
       5
      10
      12
      11
       5
       8
       5
       8
       6
       9
       6
       8
       8
       5
       7
       7
       5
       6
       3
       9
       8
       9
       9
       1
       6
       8
       8
       4
       2
       6
       2
       7
       5
       4
       6
       3
       5
      10
       6
       8
       5
       8
       4
       3
       8
      10
       2
       5
       5
       6
       4
      11
       4
       9
       4
       2
       6
       5
       9
       4
       8
       3
       0
       3
       4
       8
       2
       5
       3
       2
       3
       3
       5
       5
       3
       2
       3
       2
       2
       5
       9
       2
       4
       2
       4
      12
       9
       4
       5
       5
       2
       8
       4
       5
       6
       1
       6
       7
       1
       7
       3
       3
       2
       3
       1
       5
       3
       0
       6
       4
       6
       7
       1
       6
       8
       3
       2
       3
       4
       1
       4
       4
       5
       5
       2
       1
       3
       3
       4
       3
       2
       3
       4
       4
       3
       2
       3
       7
       5
       6
       6
       5
       4
       5
       3
       4
       3
       5
       5
       4
       5
       3
       6
       5
       6
       2
       3
       1
       6
       3
       6
       4
       2
       2
       3
       3
       3
       4
       2
       2
       4
       4
       4
       3
       3
       3
       1
       4
       0
       3
       5
       4
       6
       2
       2
       1
       2
       1
       8
       2
       4
       4
       1
       4
       4
       4
       3
       2
       1
       6
       4
       2
       4
       1
       3
       8
       3
       2
       4
       7
       3
       4
       4
       3
       5
       5
       3
       2
       4
       1
       3
       4
       7
       3
       8
       2
       1
       4
       4
       1
       2
       2
       4
       2
       6
       3
       3
       4
       4
       1
       6
       1
       1
       3
       2
       3
       1
       3
       6
       1
       4
       6
       2
       2
       1
       4
       1
       4
       2
       4
       1
       2
       3
       2
       3
       3
       0
       7
       5
       5
       1
       2
       4
       1
       0
       4
       5
       5
       5
       2
       2
       4
       4
       4
       6
       4
       0
       3
       1
       3
       2
       1
       0
       1
       4
       2
       5
       1
       2
       0
       2
       3
       5
       1
       5
       3
       2
       2
       2
       1
       3
       2
       4
       3
       5
       3
       2
       1
       2
       3
       0
       3
       6
       1
       3
       3
       4
       0
       3
       3
       2
       4
       2
       4
       3
       4
       2
       2
       5
       5
       4
       1
       3
       5
       5
       0
       1
       1
       1
       3
       4
       2
       7
       3
       3
       2
       3
       1
       3
       1
       0
       1
       4
       2
       3
       1
       8
       3
       2
       2
       1
       0
       0
       2
       2
       4
       2
       6
       1
       4
       1
       3
       3
       1
       2
       1
       2
       3
       0
       2
       3
       0
       0
       3
       1
       2
       1
       1
       1
       2
       0
       2
       1
       1
       0
       3
       1
       3
       3
       2
       2
       5
       1
       2
       0
       1
       0
       0
       2
       3
       3
       2
       2
       1
       2
       3
       2
       1
       2
       0
       2
       2
       0
       2
       1
       1
       3
       1
       0
       1
       2
       5
       2
       1
       1
       1
       3
       3
       1
       3
       1
       2
       2
       2
       1
       2
       3
       1
       2
       1
       2
       1
       1
       1
       1
       1
       1
       0
       1
       0
       4
       1
       4
       1
       3
       4
       1
       0
       0
       0
       1
       1
       2
       2
       0
       0
       1
       3
       1
       2
       2
       1
       1
       1
       0
       1
       0
       1
       3
       3
       1
       2
       0
       2
       0
       2
       0
       1
       3
       2
       5
       1
       2
       2
       3
       0
       2
       2
       1
       2
       1
       4
       5
       1
       3
       3
       1
       1
       0
       1
       3
       3
       3
       2
       3
       4
       0
       2
       0
       1
       3
       2
       2
       3
       4
       0
       4
       0
       1
       2
       1
       3
       3
       1
       1
       2
       1
       1
       2
       3
       3
       2
       0
       1
       2
       3
       1
       0
       3
       3
       2
       1
       0
       1
       2
       4
       1
       1
       2
       0
       0
       3
       0
       0
       0
       1
       1
       4
       1
       1
       0
       1
       2
       2
       3
       3
       1
       1
       1
       0
       0
       1
       0
       0
       1
       0
       2
       1
       3
       0
       0
       1
       3
       0
       0
       2
       3
       0
       3
       0
       1
       0
       0
       1
       0
       1
       2
       0
       0
       2
       2
       1
       1
       0
       0
       2
       0
       0
       1
       1
       1
       0
       1
       0
       0
       0
$ROI:
1
134 174
$PRESETS:
None
0
0
$ENER_FIT:
0.000000 1.515067
$MCA_CAL:
3
0.000000E+000 1.515067E+000 0.000000E+000 keV
$SHAPE_CAL:
3
3.332076E+001 0.000000E+000 0.000000E+000
