$SPEC_ID:
No sample description was entered.
$SPEC_REM:
DET# 1
DETDESC# E-C07SRPLAB048 MCB 129
AP# Maestro Version 7.01
$DATE_MEA:
12/09/2016 14:38:40
$MEAS_TIM:
196 196
$DATA:
0 1023
       0
       0
       0
       0
       0
       0
       0
       0
       0
       0
       1
       7
      17
      21
      21
      17
      27
      18
      19
      22
      23
      16
      27
      16
      22
      23
      20
      21
      23
      22
      20
      16
      25
      29
      15
      24
      17
      23
      19
      27
      23
      21
      13
      21
      20
      25
      20
      23
      25
      28
      32
      44
      32
      46
      48
      35
      50
      45
      40
      37
      31
      30
      28
      46
      30
      30
      31
      28
      29
      24
      34
      21
      33
      44
      31
      26
      46
      35
      36
      26
      35
      21
      26
      33
      40
      28
      34
      28
      22
      34
      39
      24
      22
      36
      18
      28
      38
      26
      27
      38
      21
      28
      38
      35
      25
      36
      28
      30
      36
      31
      39
      21
      37
      35
      28
      16
      29
      23
      32
      34
      32
      37
      31
      32
      37
      32
      35
      36
      36
      34
      34
      35
      28
      36
      31
      27
      25
      40
      39
      23
      38
      26
      34
      26
      30
      29
      34
      24
      22
      33
      34
      21
      24
      31
      30
      35
      27
      40
      32
      27
      27
      29
      34
      15
      30
      19
      23
      29
      20
      17
      36
      21
      29
      34
      30
      24
      29
      33
      30
      28
      13
      26
      28
      25
      22
      18
      28
      19
      27
      20
      20
      32
      19
      30
      30
      27
      32
      19
      29
      16
      17
      18
      31
      26
      30
      16
      19
      22
      26
      29
      26
      32
      22
      21
      22
      17
      21
      25
      22
      28
      25
      25
      32
      32
      32
      25
      29
      28
      22
      16
      16
      34
      21
      27
      25
      22
      24
      26
      23
      19
      18
      21
      25
      33
      31
      27
      30
      21
      28
      24
      30
      19
      30
      21
      27
      31
      29
      20
      29
      21
      26
      24
      29
      23
      26
      24
      21
      18
      28
      37
      19
      32
      33
      14
      24
      24
      18
      26
      22
      24
      18
      27
      16
      22
      29
      15
      17
      19
      13
      18
      10
      21
      29
      16
      15
      15
      16
      12
      18
      16
      14
      22
      20
      21
      17
      17
       6
      16
      15
      11
      17
      17
      15
      16
      19
       9
      15
      15
      13
      13
      16
       8
      15
      17
      14
       9
      13
      13
      18
      14
      11
       9
      15
      15
      16
      10
      15
      14
      17
      14
      16
      11
      16
      11
      13
      14
      10
      17
       8
      10
      18
      22
      17
      10
      17
      17
      12
       7
      12
      19
      18
      13
      16
      12
      14
      13
      27
      11
      28
      24
      20
      20
      14
      15
      28
      26
      26
      42
      37
      30
      26
      31
      49
      40
      49
      45
      49
      45
      47
      53
      47
      59
      70
      67
      71
      67
      85
      82
      86
      70
      81
      79
      95
      99
      78
     103
     120
      97
      93
     100
      92
     103
     108
      86
      88
     109
      86
      98
      90
      81
      99
      90
      82
      78
      77
      73
      64
      82
      54
      67
      67
      53
      66
      48
      59
      39
      42
      46
      43
      29
      35
      30
      40
      36
      27
      24
      24
      23
      27
      12
      16
       9
      16
      12
      13
       8
       5
       6
       3
       9
       7
      10
       4
       3
       4
       4
       5
       5
       3
       3
       1
       6
       1
       3
       0
       0
       2
       1
       1
       0
       1
       1
       1
       0
       0
       1
       0
       0
       1
       1
       3
       0
       3
       2
       0
       1
       3
       0
       2
       0
       0
       0
       0
       1
       2
       1
       2
       3
       1
       1
       0
       0
       1
       2
       1
       2
       0
       1
       1
       3
       2
       1
       0
       1
       0
       0
       1
       0
       2
       2
       2
       1
       0
       1
       0
       3
       2
       1
       1
       0
       1
       3
       1
       2
       2
       1
       0
       1
       1
       1
       1
       1
       2
       0
       1
       0
       0
       0
       0
       0
       0
       1
       1
       1
       1
       1
       0
       0
       2
       0
       1
       0
       1
       0
       3
       1
       1
       1
       0
       0
       1
       2
       2
       0
       0
       2
       1
       2
       1
       0
       0
       0
       1
       0
       1
       1
       1
       4
       1
       2
       1
       0
       1
       0
       2
       0
       0
       3
       0
       0
       2
       1
       2
       2
       1
       1
       1
       2
       1
       0
       1
       2
       2
       0
       0
       1
       0
       0
       0
       1
       2
       0
       0
       1
       1
       0
       0
       0
       0
       0
       0
       0
       0
       1
       1
       0
       0
       4
       0
       1
       0
       2
       0
       1
       0
       1
       1
       0
       1
       0
       0
       0
       1
       1
       1
       0
       1
       2
       2
       1
       1
       0
       0
       1
       1
       0
       1
       1
       0
       0
       1
       1
       1
       1
       1
       1
       1
       2
       0
       0
       1
       0
       1
       0
       1
       2
       0
       0
       0
       0
       0
       0
       1
       0
       0
       0
       0
       0
       0
       0
       0
       0
       0
       0
       1
       1
       1
       0
       0
       0
       0
       2
       0
       0
       0
       0
       0
       2
       0
       1
       0
       1
       1
       1
       1
       0
       1
       0
       0
       0
       0
       1
       0
       0
       1
       1
       2
       0
       1
       1
       1
       3
       2
       0
       2
       2
       0
       0
       1
       0
       1
       0
       0
       1
       0
       0
       0
       0
       0
       0
       2
       0
       1
       0
       0
       0
       0
       0
       0
       1
       0
       0
       0
       0
       0
       1
       1
       1
       0
       0
       0
       0
       0
       0
       3
       0
       1
       1
       1
       0
       1
       1
       1
       0
       0
       0
       1
       1
       1
       1
       1
       1
       1
       1
       0
       0
       1
       0
       1
       1
       0
       0
       0
       0
       0
       0
       1
       1
       0
       0
       0
       1
       0
       0
       0
       0
       1
       0
       0
       0
       0
       0
       0
       0
       1
       1
       0
       0
       1
       0
       0
       1
       0
       1
       1
       0
       0
       0
       1
       0
       0
       1
       0
       0
       1
       0
       0
       0
       1
       0
       0
       0
       2
       0
       0
       0
       0
       0
       0
       0
       2
       0
       0
       1
       2
       0
       0
       0
       0
       1
       0
       0
       0
       1
       0
       0
       0
       0
       0
       1
       0
       1
       0
       1
       1
       0
       0
       0
       0
       0
       0
       0
       0
       0
       0
       0
       0
       1
       0
       0
       1
       0
       1
       1
       1
       0
       0
       0
       0
       2
       0
       1
       0
       0
       1
       1
       0
       2
       0
       1
       0
       2
       3
       0
       0
       0
       0
       0
       0
       1
       0
       0
       0
       2
       0
       0
       1
       0
       1
       0
       0
       0
       0
       0
       1
       1
       0
       1
       0
       0
       0
       0
       0
       1
       2
       0
       0
       0
       3
       0
       0
       1
       2
       0
       0
       0
       2
       0
       0
       0
       1
       0
       1
       0
       0
       0
       0
       0
       1
       0
       1
       0
       0
       0
       0
       0
       0
       2
       2
       1
       0
       0
       0
       0
       0
       0
       1
       0
       0
       1
       1
       0
       0
       0
$ROI:
1
376 448
$PRESETS:
None
0
0
$ENER_FIT:
0.000000 1.515067
$MCA_CAL:
3
0.000000E+000 1.515067E+000 0.000000E+000 keV
$SHAPE_CAL:
3
3.332076E+001 0.000000E+000 0.000000E+000
