$SPEC_ID:
No sample description was entered.
$SPEC_REM:
DET# 1
DETDESC# E-C07SRPLAB048 MCB 129
AP# Maestro Version 7.01
$DATE_MEA:
12/16/2016 12:10:34
$MEAS_TIM:
58 60
$DATA:
0 1023
       0
       0
       0
       0
       0
       0
       0
       0
       0
       0
       7
     251
     578
     686
     660
     654
     637
     634
     640
     644
     638
     701
     678
     671
     685
     627
     648
     717
     683
     663
     728
     715
     747
     718
     714
     755
     740
     718
     684
     737
     687
     727
     768
     731
     735
     729
     726
     754
     773
     801
     895
     948
    1006
    1026
    1021
    1017
    1084
    1074
    1000
     996
     992
     935
     935
     920
     826
     803
     803
     755
     751
     751
     765
     746
     737
     711
     753
     772
     706
     739
     713
     734
     674
     694
     725
     734
     679
     729
     695
     758
     700
     681
     685
     747
     731
     749
     714
     714
     688
     741
     732
     710
     748
     754
     765
     767
     756
     778
     725
     721
     741
     787
     757
     723
     737
     739
     805
     773
     816
     879
     807
     796
     795
     845
     790
     846
     765
     857
     873
     820
     815
     863
     853
     830
     889
     858
     853
     856
     843
     892
     830
     839
     910
     839
     859
     869
     897
     885
     910
     887
     875
     844
     840
     842
     823
     865
     799
     854
     866
     837
     831
     802
     819
     797
     817
     822
     793
     771
     760
     865
     819
     820
     860
     816
     842
     794
     804
     803
     778
     859
     817
     809
     842
     824
     800
     824
     758
     791
     796
     728
     785
     837
     823
     762
     833
     774
     838
     790
     802
     801
     867
     836
     754
     737
     812
     791
     790
     799
     885
     780
     786
     786
     758
     834
     781
     827
     796
     761
     814
     762
     759
     848
     810
     873
     841
     833
     847
     849
     809
     801
     812
     809
     815
     819
     837
     829
     843
     791
     840
     849
     810
     841
     846
     861
     845
     822
     868
     823
     846
     894
     816
     829
     899
     866
     873
     818
     890
     805
     864
     873
     876
     872
     856
     887
     855
     878
     890
     853
     941
     945
     927
     873
     916
     896
     840
     904
     937
     922
     925
     893
     869
     974
     890
     922
     882
     903
     900
     908
     911
     889
     964
     887
     935
     937
     924
     954
     905
     928
     856
     867
     841
     818
     822
     787
     809
     771
     781
     772
     791
     759
     719
     710
     659
     704
     631
     696
     646
     651
     675
     656
     586
     563
     594
     594
     586
     539
     520
     518
     497
     552
     537
     556
     488
     478
     428
     485
     494
     490
     472
     438
     464
     476
     457
     425
     428
     385
     470
     442
     423
     436
     395
     419
     438
     454
     423
     418
     422
     443
     384
     379
     400
     417
     378
     410
     407
     430
     395
     411
     391
     402
     392
     400
     381
     439
     414
     372
     380
     362
     350
     362
     394
     376
     360
     375
     380
     373
     393
     377
     418
     357
     419
     389
     411
     413
     401
     413
     406
     431
     439
     497
     474
     539
     577
     603
     636
     688
     724
     819
     753
     861
     996
    1101
    1137
    1262
    1420
    1479
    1634
    1754
    1855
    2076
    2288
    2394
    2593
    2769
    2905
    3139
    3323
    3420
    3588
    3783
    3987
    4028
    4123
    4350
    4510
    4579
    4514
    4622
    4540
    4468
    4545
    4440
    4240
    4318
    4153
    4020
    3939
    3717
    3716
    3543
    3270
    3009
    3005
    2641
    2515
    2337
    2226
    1944
    1793
    1664
    1535
    1322
    1238
    1087
     998
     857
     802
     677
     597
     482
     471
     396
     327
     322
     313
     190
     177
     172
     149
     109
     119
      75
      73
      58
      55
      42
      40
      28
      19
      21
      12
      22
      14
      21
      17
      15
      16
       6
      11
       9
      15
      11
      10
      11
       5
      14
      10
       8
       9
      10
       6
      11
       8
       6
       3
      11
       6
      10
      10
       8
      10
       3
      10
       9
       8
       8
       7
       4
       5
       9
      11
       5
      11
       9
       5
      13
       7
       6
      10
       9
      13
       4
       7
      12
       6
      13
       7
      10
       5
       5
       6
       8
       6
       7
       9
       7
       4
      12
       4
       3
      10
       6
       5
       9
      15
       7
      11
       3
       5
      11
      10
       7
      13
       2
      11
       6
       5
       2
       7
       4
       6
       6
       7
       3
       8
       6
      11
       7
       7
       6
       5
       6
      14
       4
       6
       6
       4
       7
       9
       5
       9
       3
      10
       7
       2
      10
       9
       2
       4
       6
       3
       7
       5
       6
       4
       5
       7
       3
       5
       6
       6
       6
       6
       4
       6
       5
       5
      11
       4
       2
       6
       6
       6
       3
       6
       8
       5
       3
       7
       2
       3
       5
       6
       3
       2
       5
       5
       2
       4
       3
       6
       5
       3
       2
       3
       3
       4
       6
       4
       5
       8
       4
       3
       2
       4
       3
       9
       4
       6
       4
       6
       5
       3
       5
       3
       5
       6
       7
       1
       3
       6
       7
       4
       6
       4
       0
       0
       4
       6
       4
       0
       1
       2
       3
       3
       3
       6
       1
       2
       3
       3
       2
       2
       5
       3
       5
       4
       2
       5
       3
       4
       3
       1
       2
       5
       4
       4
       6
       0
       3
       4
       1
       5
       4
       1
       2
       1
       1
       3
       3
       2
       3
       2
       4
       2
       3
       3
       3
       2
       4
       4
       3
       2
       5
       1
       2
       5
       5
       2
       6
       1
       3
       3
       4
       0
       1
       3
       5
       3
       5
       2
       6
       2
       1
       1
       1
       3
       1
       1
       1
       4
       3
       3
       4
       2
       3
       4
       1
       1
       4
       3
       0
       4
       3
       2
       1
       1
       7
       4
       2
       1
       2
       1
       1
       6
       2
       3
       4
       1
       1
       4
       1
       2
       1
       2
       4
       3
       1
       1
       2
       1
       3
       3
       1
       3
       2
       1
       0
       1
       1
       3
       5
       2
       5
       1
       2
       3
       0
       4
       1
       1
       5
       3
       2
       2
       1
       2
       1
       3
       2
       0
       2
       1
       1
       3
       3
       0
       3
       3
       2
       1
       3
       2
       1
       1
       1
       3
       3
       2
       4
       0
       1
       3
       4
       1
       0
       2
       2
       2
       1
       0
       2
       2
       1
       0
       4
       0
       1
       2
       2
       1
       4
       3
       0
       2
       1
       0
       3
       0
       0
       1
       0
       0
       1
       0
       2
       0
       0
       0
       0
       2
       0
       1
       0
       1
       1
       0
       0
       1
       1
       0
       0
       0
       0
       0
       0
       1
       0
       0
       0
       0
       0
       0
       0
       0
       0
       0
       0
       1
       0
       0
       0
       0
       0
       1
       1
       0
       0
       0
       0
       0
       0
       0
       0
       0
       0
       0
       1
       0
       0
       0
       0
       0
       0
       0
       0
       0
       0
       1
       1
       0
       1
       0
       0
       0
       0
       1
       0
       0
       0
       0
       0
       0
       0
       1
       0
       0
       0
       0
       0
       0
       0
       0
       0
       0
       0
       0
       0
       0
       0
       0
       0
       0
       0
       0
       0
       0
       0
       0
       0
       0
       0
       0
       0
       0
       0
       0
       0
       0
       0
       0
       0
       0
       0
       0
       0
       0
       0
       0
       0
       0
       0
       0
       0
       0
       0
$ROI:
1
357 512
$PRESETS:
None
0
0
$ENER_FIT:
65.660889 1.220368
$MCA_CAL:
3
6.566089E+001 1.220368E+000 3.246893E-004 keV
$SHAPE_CAL:
3
-1.003978E+001 1.756392E-001 -1.602170E-004
