$SPEC_ID:
No sample description was entered.
$SPEC_REM:
DET# 1
DETDESC# E-C07SRPLAB048 MCB 129
AP# Maestro Version 7.01
$DATE_MEA:
12/09/2016 14:20:37
$MEAS_TIM:
467 467
$DATA:
0 1023
       0
       0
       0
       0
       0
       0
       0
       0
       0
       0
       0
       1
      16
      13
      20
      18
      20
      22
       8
      23
      12
      15
      16
      18
      32
      25
      17
      16
      21
      20
      14
      32
      27
      32
      19
      20
      17
      15
      12
      31
      21
      22
      21
      29
      25
      27
      33
      34
      27
      30
      39
      40
      38
      47
      49
      50
      51
      55
      51
      54
      48
      33
      35
      50
      32
      42
      40
      25
      39
      38
      34
      43
      51
      39
      35
      38
      38
      45
      35
      42
      43
      45
      43
      38
      42
      43
      49
      41
      37
      36
      40
      41
      42
      43
      46
      39
      42
      41
      41
      41
      56
      47
      32
      41
      51
      39
      40
      37
      39
      36
      34
      37
      31
      37
      49
      42
      31
      35
      37
      27
      34
      40
      36
      40
      43
      39
      30
      33
      27
      35
      22
      27
      37
      30
      33
      31
      26
      24
      26
      35
      28
      34
      42
      30
      29
      27
      26
      25
      36
      30
      29
      22
      24
      23
      32
      35
      36
      21
      33
      27
      33
      28
      25
      19
      25
      20
      23
      22
      36
      19
      25
      17
      32
      25
      26
      21
       8
      24
      26
      32
      28
      24
      27
      19
      28
      26
      25
      22
      26
      22
      20
      21
      11
      18
      23
      27
      19
      23
      22
      23
      19
      22
      18
      32
      20
      20
      23
       9
      13
      20
      20
      21
      17
      19
      17
      22
      23
      31
      19
      22
      22
      19
      16
      21
      24
      18
      21
      16
      19
      21
      29
      20
      18
      22
      28
      21
      20
      25
      18
      30
      23
      31
      23
      23
      28
      31
      44
      44
      41
      37
      46
      42
      50
      57
      51
      55
      60
      65
      60
      74
      61
      65
      87
      84
      86
      82
      99
     101
      73
      71
      65
      94
      99
      84
      81
      76
      75
      72
      88
      59
      74
      81
      45
      59
      46
      54
      52
      59
      56
      42
      46
      35
      38
      51
      29
      36
      29
      35
      39
      28
      35
      25
      26
      29
      20
      16
      19
      19
      19
      27
      19
      19
      17
      18
      24
      19
      21
      17
      24
      13
      18
      20
      31
      21
      21
      18
      18
      20
      14
      22
      15
      27
      21
      16
      29
      20
      21
      29
      20
      13
      23
      20
      16
      16
      17
      15
       8
       6
      12
      16
      14
      14
      11
      10
      16
      11
      12
       9
      12
      15
       8
      13
      10
       9
       5
       4
      10
       7
       6
       5
      11
       2
       6
       7
       5
       7
      14
       6
      12
       5
       2
       5
       7
       4
       9
       2
       7
       7
      14
       5
       7
       5
       3
       5
       5
       0
       7
       3
       4
       4
       5
       3
       6
       4
       6
       6
       3
       6
       2
       4
       6
       5
       4
       4
       5
       4
       0
       4
       3
       3
       4
       7
       7
       3
       7
       3
       2
       2
       7
       4
       1
       2
       1
       2
       2
       1
       4
       3
       2
       4
       6
       6
       4
       6
       4
       3
       5
       1
       0
       1
       0
       2
       2
       1
       5
       2
       1
       7
       7
       3
       3
       4
       0
       2
       3
       2
       4
       3
       4
       2
       2
       6
       1
       5
       3
       2
       3
       1
       2
       5
       3
       5
       4
       3
       2
       3
       3
       7
       1
       1
       3
       7
       5
       2
       3
       3
       2
       2
       3
       0
       2
       3
       4
       3
       2
       3
       2
       2
       2
       1
       2
       3
       3
       3
       6
       4
       2
       7
       4
       5
       1
       1
       2
       5
       0
       4
       2
       2
       1
       4
       2
       2
       2
       2
       0
       3
       4
       6
       3
       1
       5
       1
       4
       5
       2
       1
       4
       4
       4
       2
       1
       2
       1
       2
       5
       2
       1
       1
       3
       1
       0
       3
       3
       3
       4
       3
       3
       3
       2
       2
       0
       4
       2
       0
       0
       2
       1
       2
       1
       4
       4
       2
       4
       1
       1
       2
       2
       4
       1
       1
       2
       1
       1
       3
       2
       3
       4
       1
       0
       0
       2
       2
       2
       2
       1
       5
       9
       0
       2
       2
       0
       5
       4
       3
       2
       2
       3
       5
       0
       1
       1
       3
       0
       0
       5
       3
       5
       1
       3
       1
       2
       3
       2
       2
       4
       3
       5
       1
       0
       1
       4
       3
       3
       3
       2
       0
       3
       2
       3
       0
       2
       3
       0
       0
       3
       3
       1
       1
       4
       0
       2
       1
       2
       1
       2
       0
       3
       1
       0
       4
       1
       2
       1
       1
       3
       4
       2
       0
       2
       1
       4
       0
       5
       0
       1
       0
       0
       3
       2
       3
       2
       2
       2
       2
       1
       1
       3
       2
       0
       0
       0
       2
       3
       2
       2
       1
       0
       1
       2
       2
       3
       1
       0
       3
       0
       2
       1
       1
       4
       4
       2
       2
       0
       0
       1
       0
       1
       0
       1
       1
       2
       2
       4
       0
       0
       1
       4
       2
       1
       1
       1
       2
       1
       1
       0
       0
       0
       2
       1
       0
       1
       2
       4
       1
       1
       1
       0
       2
       2
       4
       1
       0
       3
       0
       1
       4
       2
       2
       1
       1
       0
       1
       1
       2
       0
       2
       1
       0
       1
       2
       0
       0
       2
       0
       3
       1
       1
       2
       0
       1
       0
       2
       2
       0
       2
       2
       2
       1
       1
       1
       6
       1
       1
       1
       0
       2
       1
       2
       0
       2
       0
       1
       2
       5
       2
       3
       1
       0
       1
       5
       0
       2
       1
       0
       2
       1
       1
       0
       2
       1
       1
       1
       0
       0
       0
       1
       3
       2
       3
       3
       2
       1
       1
       3
       0
       1
       1
       1
       1
       0
       2
       0
       0
       2
       0
       1
       0
       0
       1
       0
       1
       0
       2
       1
       0
       1
       0
       3
       1
       2
       1
       2
       2
       1
       1
       0
       0
       2
       1
       1
       1
       3
       1
       0
       1
       0
       0
       3
       0
       1
       0
       1
       2
       2
       0
       1
       1
       0
       1
       2
       0
       2
       2
       1
       0
       3
       0
       0
       2
       2
       1
       3
       0
       1
       2
       1
       2
       1
       1
       0
       0
       3
       1
       1
       1
       1
       0
       1
       1
       2
       0
       2
       0
       2
       2
       1
       2
       2
       2
       1
       3
       3
       4
       4
       1
       1
       1
       1
       1
       2
       1
       1
       2
       3
       1
       1
       3
       2
       0
       0
       2
       1
       1
       1
       0
       1
       1
       1
       0
       1
       0
       4
       1
       2
       1
       0
       2
       2
       0
       3
       0
       3
       0
       2
       1
       1
       0
       0
       2
       0
       0
       2
       0
       0
       1
       0
       1
       1
       0
       0
       2
       0
       1
       1
       0
       2
       0
       1
       0
       0
       0
       0
       0
       1
       0
       1
       0
       1
       0
       0
       0
       0
       0
       0
$ROI:
1
239 308
$PRESETS:
None
0
0
$ENER_FIT:
0.000000 1.515067
$MCA_CAL:
3
0.000000E+000 1.515067E+000 0.000000E+000 keV
$SHAPE_CAL:
3
3.332076E+001 0.000000E+000 0.000000E+000
