$SPEC_ID:
No sample description was entered.
$SPEC_REM:
DET# 1
DETDESC# E-C07SRPLAB048 MCB 129
AP# Maestro Version 7.01
$DATE_MEA:
12/09/2016 15:35:32
$MEAS_TIM:
889 889
$DATA:
0 1023
       0
       0
       0
       0
       0
       0
       0
       0
       0
       0
       0
       6
      18
      19
      25
      15
      23
      16
      13
      21
      16
      13
      31
      15
      26
      23
      20
      26
      19
      21
      24
      27
      21
      26
      23
      33
      19
      21
      23
      22
      26
      26
      32
      35
      36
      49
      35
      50
      39
      48
      65
      56
      59
      71
      68
      68
      74
      63
      85
      66
      58
      60
      50
      50
      66
      50
      40
      64
      80
      45
      57
      61
      54
      46
      56
      61
      42
      57
      59
      46
      59
      56
      63
      62
      56
      50
      59
      65
      53
      64
      55
      56
      72
      45
      51
      54
      60
      60
      57
      77
      61
      54
      61
      56
      49
      52
      44
      54
      68
      54
      56
      66
      53
      42
      45
      53
      53
      58
      55
      66
      45
      54
      43
      51
      45
      47
      44
      37
      50
      52
      45
      47
      49
      52
      51
      51
      49
      48
      42
      36
      40
      29
      39
      50
      39
      46
      44
      44
      41
      54
      49
      40
      22
      54
      47
      48
      58
      59
      57
      45
      74
      74
      72
      99
      87
     105
      99
     110
     133
     116
     132
     132
     114
     141
     166
     155
     149
     133
     173
     138
     159
     147
     158
     137
     127
     127
     108
     114
     104
     105
      82
      76
      79
      72
      70
      72
      58
      55
      49
      42
      47
      43
      41
      35
      35
      30
      36
      34
      40
      40
      36
      40
      33
      30
      39
      31
      42
      30
      33
      45
      29
      40
      37
      33
      27
      35
      37
      33
      36
      28
      25
      36
      24
      26
      32
      21
      31
      26
      19
      23
      24
      16
      11
      26
      12
      18
      13
      17
      15
      13
      14
      12
      13
      19
      10
      16
      18
      20
      14
      17
      16
      10
      14
      18
      11
      10
      18
       8
       9
       5
      10
       7
      10
       9
       7
      14
      12
       9
       8
      21
      14
       6
      15
      13
      16
      13
      21
       9
      11
      15
      16
      10
      12
      12
      17
      10
      12
       8
      12
      16
      13
      13
       9
      13
       9
      13
      13
      11
      11
      10
      12
       7
       8
       7
       9
       8
      12
       5
       8
       9
      15
       8
       7
       5
       8
      14
       3
       5
      16
       9
       8
       7
      10
       7
       7
      11
       7
      14
       8
       8
      14
      15
       7
      11
      10
      16
       8
       7
      11
      12
       7
       7
       8
       5
      14
      12
       8
       8
      11
      10
      13
       8
      11
      10
       5
       4
       6
      13
      11
      10
      13
       9
       5
       6
       7
       6
       6
      12
      11
       6
      10
       7
       6
       7
       4
       8
      10
       6
       8
       6
      12
       7
      11
       5
       7
       6
       9
       4
       6
       4
      11
       9
       3
       9
       8
       7
       7
       3
       3
       5
       5
       2
       9
       3
       9
       4
      11
      15
      10
       8
       9
       4
       5
       4
       9
       6
       5
      11
       7
       8
       6
       4
       4
       1
       5
       3
       6
       5
       7
       2
       5
       9
       6
       5
      11
       4
       7
       8
       3
       4
       4
      11
       7
       8
       6
       3
       3
       5
       5
      10
      11
       8
       1
       8
       7
       8
       7
       2
       4
       3
       6
       3
       3
       9
       5
       6
       5
       6
       6
       4
       2
       4
       3
       9
       6
       5
       8
      10
       6
       6
       5
       4
      12
       4
       5
       3
       1
       6
       2
       6
       6
      11
       2
       5
       6
       6
       6
       2
       5
       3
       1
       7
       6
       7
       5
       5
       3
       8
       6
       6
       3
       1
       6
       8
       5
       3
       4
       5
       3
       5
       8
       4
       1
       4
       9
       4
       2
       5
       6
       7
       6
       9
       6
       3
       5
       7
       4
       3
       5
       5
       3
       8
       5
       3
       7
       5
       4
       7
       8
       2
       1
       0
       5
       2
       5
       7
       2
       3
       3
       3
       3
       3
       7
       5
       3
       0
       2
       6
       7
       4
       3
       3
       5
       3
       4
       6
       8
       4
       6
       4
       0
       8
       5
       4
       8
       4
       9
       2
       2
       4
       3
       4
       3
       4
       7
       4
       5
       3
       2
       3
       4
       7
       3
       6
       5
       3
       1
       5
       6
       4
       3
       6
       4
       3
       3
       5
       3
       2
       5
       3
       0
       6
       6
       4
       1
       2
       3
       2
       2
       6
       4
       3
       5
       6
       2
       5
       5
       2
       6
       2
       2
       5
       1
       7
       3
       3
       5
       7
       4
       2
       2
       4
       3
       2
       5
       2
       4
       3
       5
       2
       5
       5
       3
       0
       5
       4
       4
       5
       3
       2
       3
       3
       2
       2
       4
       3
       2
       3
       6
       1
       4
       6
       3
       5
       1
       2
       2
       4
       5
       2
       1
       2
       2
       2
       1
       1
       5
       3
       1
       4
       5
       4
       3
       4
       3
       2
       4
       3
       2
       7
       4
       1
       3
       3
       3
       4
       3
       1
       3
       1
       7
       5
       4
       3
       2
       1
       4
       3
       3
       2
       2
       2
       2
       3
       1
       3
       4
       5
       4
       0
       3
       4
       4
       3
       6
       0
       4
       2
       0
       4
       2
       5
       2
       0
       1
       3
       4
       4
       0
       1
       2
       0
       1
       1
       6
       2
       3
       2
       3
       3
       3
       1
       1
       2
       1
       1
       3
       4
       3
       0
       1
       3
       1
       4
       0
       2
       5
       0
       3
       0
       3
       3
       1
       2
       4
       1
       2
       4
       2
       1
       2
       0
       0
       4
       1
       1
       3
       2
       2
       1
       1
       2
       4
       4
       2
       2
       3
       1
       2
       3
       1
       4
       2
       2
       1
       1
       0
       0
       2
       2
       2
       1
       4
       3
       2
       4
       1
       0
       4
       2
       3
       2
       2
       2
       3
       1
       1
       1
       0
       1
       0
       2
       1
       6
       1
       1
       2
       0
       1
       2
       0
       1
       2
       2
       0
       2
       0
       4
       2
       1
       2
       0
       3
       1
       2
       0
       2
       1
       4
       0
       4
       2
       2
       2
       4
       3
       1
       1
       2
       4
       2
       1
       4
       3
       0
       1
       0
       1
       2
       1
       3
       1
       1
       2
       2
       1
       2
       2
       0
       3
       4
       1
       5
       3
       5
       2
       1
       6
       0
       3
       3
       3
       4
       4
       2
       1
       2
       6
       0
       0
       4
       2
       1
       4
       4
       1
       0
       2
       2
       1
       3
       0
       2
       1
       3
       0
       3
       4
       2
       3
       4
       1
       1
       1
       2
       4
       2
       3
       2
       3
       1
       0
       2
       1
       1
       1
       3
       1
       0
       2
       2
       2
       2
       2
       1
       1
       1
       1
       0
       1
       0
       0
       2
       0
       1
       0
       1
       1
       0
       3
       0
       1
       1
       0
       0
       1
       0
       1
       0
       1
       2
       1
       0
       0
       2
       3
       0
       0
       2
       1
       0
       0
       0
       1
$ROI:
1
155 197
$PRESETS:
None
0
0
$ENER_FIT:
0.000000 1.515067
$MCA_CAL:
3
0.000000E+000 1.515067E+000 0.000000E+000 keV
$SHAPE_CAL:
3
3.332076E+001 0.000000E+000 0.000000E+000
