$SPEC_ID:
No sample description was entered.
$SPEC_REM:
DET# 1
DETDESC# E-C07SRPLAB048 MCB 129
AP# Maestro Version 7.01
$DATE_MEA:
12/09/2016 14:28:55
$MEAS_TIM:
531 531
$DATA:
0 1023
       0
       0
       0
       0
       0
       0
       0
       0
       0
       0
       0
       3
      23
      19
      16
      17
      15
      11
       8
      13
      16
      15
      10
      12
      16
      18
       9
      14
      10
       9
      20
      11
      12
      16
      17
      21
      17
      20
      15
      19
      26
      22
      18
      20
      30
      23
      30
      37
      32
      30
      33
      39
      36
      42
      31
      37
      52
      36
      26
      27
      36
      37
      37
      39
      42
      42
      39
      41
      33
      35
      37
      36
      36
      37
      35
      38
      27
      33
      38
      36
      35
      45
      27
      44
      44
      49
      36
      40
      37
      46
      46
      36
      37
      37
      32
      49
      37
      45
      37
      30
      47
      30
      41
      36
      44
      44
      39
      42
      43
      33
      52
      31
      42
      32
      32
      58
      33
      29
      31
      28
      36
      45
      28
      23
      32
      35
      30
      25
      37
      36
      22
      22
      26
      23
      21
      19
      26
      23
      24
      28
      23
      29
      19
      27
      28
      26
      32
      14
      20
      26
      24
      30
      24
      20
      34
      29
      22
      26
      26
      27
      42
      18
      26
      20
      28
      23
      26
      26
      26
      26
      26
      32
      13
      22
      26
      24
      18
      20
      16
      18
      17
      24
      25
      25
      23
      19
      17
      29
      19
      19
      22
      24
      25
      18
      31
      28
      27
      29
      20
      32
      30
      28
      23
      28
      39
      31
      34
      28
      39
      40
      47
      46
      52
      56
      56
      73
      58
      60
      73
      75
      92
      88
      71
      75
      91
     101
      78
      79
      75
      85
     101
     100
      62
      77
      72
      85
      93
      64
      73
      58
      53
      69
      62
      58
      44
      35
      34
      35
      41
      34
      27
      24
      30
      26
      26
      29
      21
      28
      13
      20
      24
      13
      18
      14
      18
      16
      20
      19
      19
      19
      23
      15
      18
      22
      11
      14
      16
      11
      25
      21
      20
      20
      18
      14
      19
      12
      15
      16
      17
      19
      19
      12
      13
      10
      17
       9
      12
       9
      10
      12
      10
       6
      12
      13
      10
      12
      16
      12
      12
      11
      12
      11
      10
       4
       6
       9
       5
      11
       6
       8
      15
      12
       8
      10
       9
       6
       8
       6
      10
       8
       8
       4
      13
       8
      11
       1
      16
       2
      13
       6
       9
       4
       4
       8
       7
       9
       5
       5
       5
       5
       3
       6
       9
       8
       3
       1
       3
       4
       5
       9
       5
       2
       5
       2
       3
       7
       4
       2
       5
       2
       4
       2
       5
       2
       1
       5
       5
       5
      10
       9
       4
       3
       6
       3
       1
       1
       6
       8
       6
       6
       2
       5
       4
       5
       3
       5
      11
       4
       4
       5
       6
       6
       1
       4
       7
       7
       6
       4
       5
       2
       3
       1
       5
       4
       2
       5
       2
       4
       5
       6
       4
       3
       0
       6
       7
       5
       3
       3
       0
       4
       7
       4
       7
       4
       3
       3
       3
       5
       1
       0
       4
       1
       6
       5
       5
       4
       1
       5
       4
       2
       5
       4
       3
       4
       5
       4
       3
       3
       3
       1
       3
       2
       4
       3
       5
       5
       1
       4
       3
       4
       1
       3
       2
       3
       3
       1
       4
       4
       3
       1
       2
       4
       7
       5
       3
       2
       4
       0
       0
       1
       1
       5
       2
       5
       2
       4
       1
       4
       2
       2
       1
       1
       3
       0
       6
       4
       6
       5
       1
       1
       4
       6
       0
       1
       3
       6
       2
       2
       5
       7
       4
       2
       3
       3
       0
       1
       1
       4
       6
       2
       2
       2
       2
       2
       1
       4
       2
       4
       3
       4
       4
       2
       3
       3
       3
       2
       4
       4
       3
       3
       2
       1
       2
       1
       2
       0
       1
       2
       4
       4
       2
       3
       2
       1
       1
       2
       3
       1
       2
       3
       6
       1
       1
       4
       2
       4
       1
       0
       2
       2
       2
       2
       4
       4
       1
       2
       2
       1
       0
       4
       3
       2
       5
       1
       1
       4
       4
       2
       1
       5
       3
       3
       3
       4
       2
       2
       4
       2
       4
       5
       2
       3
       2
       0
       2
       5
       1
       1
       2
       2
       1
       1
       4
       3
       3
       2
       0
       2
       3
       1
       4
       2
       4
       2
       1
       2
       6
       0
       4
       2
       0
       1
       5
       2
       1
       3
       3
       2
       0
       2
       2
       3
       2
       0
       1
       1
       3
       2
       1
       2
       0
       1
       7
       2
       0
       0
       3
       0
       2
       4
       2
       3
       0
       1
       2
       2
       1
       1
       4
       2
       3
       2
       2
       3
       4
       0
       1
       2
       1
       2
       1
       4
       0
       1
       0
       2
       1
       0
       3
       1
       2
       1
       0
       3
       1
       1
       1
       1
       3
       1
       2
       4
       2
       6
       2
       2
       2
       2
       3
       2
       1
       1
       5
       1
       1
       1
       2
       3
       2
       4
       0
       1
       5
       2
       2
       1
       2
       4
       4
       5
       2
       2
       2
       2
       2
       3
       0
       4
       2
       2
       3
       1
       1
       2
       1
       0
       1
       0
       0
       1
       2
       2
       3
       1
       3
       7
       2
       3
       3
       4
       0
       3
       2
       2
       1
       3
       2
       2
       3
       0
       1
       0
       0
       1
       1
       2
       0
       1
       1
       1
       1
       3
       2
       0
       0
       1
       0
       1
       3
       0
       3
       3
       4
       0
       0
       3
       2
       2
       1
       0
       2
       0
       1
       3
       2
       2
       1
       1
       0
       0
       0
       1
       0
       2
       0
       0
       2
       1
       1
       1
       1
       2
       1
       2
       2
       2
       1
       1
       1
       3
       0
       1
       0
       2
       1
       2
       0
       1
       0
       0
       3
       1
       2
       0
       2
       1
       0
       2
       1
       0
       2
       0
       1
       0
       2
       0
       3
       0
       0
       0
       0
       4
       1
       1
       0
       2
       3
       1
       1
       2
       0
       0
       0
       1
       0
       0
       0
       0
       1
       1
       0
       1
       1
       3
       1
       0
       2
       3
       1
       1
       0
       1
       1
       4
       2
       0
       1
       1
       3
       1
       1
       0
       1
       0
       0
       1
       0
       1
       4
       0
       3
       2
       1
       0
       2
       2
       1
       1
       1
       3
       4
       0
       1
       1
       1
       2
       2
       2
       5
       4
       1
       3
       0
       0
       3
       3
       0
       3
       2
       0
       3
       0
       0
       1
       0
       2
       2
       3
       2
       1
       0
       1
       3
       3
       3
       1
       4
       0
       2
       0
       1
       0
       0
       0
       2
       2
       2
       0
       1
       0
       0
       2
       1
       0
       0
       1
       0
       0
       0
       0
       0
       0
       0
       0
       0
       2
       0
       0
       0
       1
       0
       0
       1
       2
       0
       0
       0
       3
       2
       2
       0
       0
       1
       1
       0
       1
       2
       1
       0
       0
       1
       2
       0
       0
$ROI:
1
191 260
$PRESETS:
None
0
0
$ENER_FIT:
0.000000 1.515067
$MCA_CAL:
3
0.000000E+000 1.515067E+000 0.000000E+000 keV
$SHAPE_CAL:
3
3.332076E+001 0.000000E+000 0.000000E+000
