$SPEC_ID:
No sample description was entered.
$SPEC_REM:
DET# 1
DETDESC# E-C07SRPLAB048 MCB 129
AP# Maestro Version 7.01
$DATE_MEA:
12/16/2016 12:45:54
$MEAS_TIM:
5000 5000
$DATA:
0 1023
       0
       0
       0
       0
       0
       0
       0
       0
       0
       0
       1
      46
     102
      94
      73
     102
      86
     102
     104
     117
     104
     108
     118
     120
     113
     109
      96
     122
     102
     100
     105
     130
     134
     150
     125
     117
     133
     103
     136
     158
     128
     138
     147
     183
     171
     163
     205
     240
     236
     275
     311
     344
     331
     331
     386
     386
     371
     389
     327
     327
     355
     356
     313
     338
     306
     308
     306
     308
     290
     289
     283
     293
     294
     240
     270
     290
     256
     288
     326
     325
     279
     294
     313
     313
     321
     303
     307
     277
     297
     314
     322
     317
     335
     331
     320
     325
     313
     309
     303
     327
     297
     314
     304
     322
     291
     295
     298
     280
     298
     295
     307
     289
     298
     298
     262
     273
     292
     281
     278
     312
     286
     250
     272
     259
     258
     266
     240
     278
     241
     283
     272
     255
     266
     247
     234
     261
     254
     247
     263
     261
     268
     255
     280
     257
     256
     275
     287
     309
     269
     299
     354
     335
     364
     402
     439
     462
     501
     535
     537
     648
     678
     730
     792
     846
     775
     871
     930
     960
     876
     921
     917
     935
     875
     912
     842
     800
     837
     797
     637
     613
     560
     525
     482
     475
     414
     363
     347
     330
     277
     243
     254
     198
     214
     196
     217
     208
     159
     168
     178
     166
     142
     153
     158
     128
     145
     138
     151
     135
     142
     156
     136
     134
     142
     161
     143
     135
     131
     151
     109
     114
     143
     133
     120
     109
     108
     101
     124
     113
     108
     106
     100
      89
      98
      89
      84
      84
     103
      80
      95
      93
      85
      79
      77
      81
      76
      85
      71
      74
      72
      81
      62
      73
      82
      62
      73
      47
      74
      56
      61
      61
      71
      65
      58
      53
      53
      73
      45
      60
      56
      70
      87
      72
      74
      64
      47
      61
      70
      62
      64
      48
      56
      55
      65
      54
      64
      64
      65
      62
      65
      66
      56
      61
      54
      67
      43
      58
      53
      68
      53
      51
      59
      66
      53
      53
      53
      50
      46
      46
      55
      35
      50
      58
      68
      49
      43
      45
      45
      44
      63
      56
      47
      57
      53
      57
      58
      54
      52
      60
      55
      45
      55
      63
      57
      68
      55
      58
      62
      48
      51
      67
      60
      51
      43
      52
      54
      56
      43
      58
      52
      54
      45
      44
      49
      44
      54
      39
      39
      42
      50
      54
      46
      33
      52
      43
      38
      43
      45
      52
      36
      49
      46
      45
      37
      38
      41
      45
      62
      49
      32
      48
      50
      35
      42
      47
      35
      34
      50
      39
      50
      48
      42
      41
      40
      50
      37
      41
      41
      40
      40
      49
      42
      39
      45
      45
      47
      46
      40
      41
      36
      37
      40
      31
      35
      35
      29
      44
      37
      24
      37
      41
      27
      36
      38
      33
      30
      32
      41
      25
      23
      30
      35
      30
      39
      29
      38
      37
      38
      34
      26
      40
      43
      22
      21
      24
      40
      35
      28
      25
      44
      27
      33
      35
      28
      28
      30
      28
      24
      29
      43
      31
      30
      24
      24
      26
      28
      22
      23
      32
      25
      30
      24
      32
      22
      17
      25
      24
      22
      27
      27
      32
      22
      39
      23
      35
      29
      27
      29
      30
      19
      25
      24
      22
      20
      24
      22
      33
      34
      25
      26
      23
      24
      18
      20
      25
      32
      33
      25
      19
      21
      27
      25
      28
      21
      23
      22
      42
      22
      20
      27
      30
      17
      23
      18
      20
      26
      35
      23
      25
      22
      18
      19
      27
      30
      17
      26
      26
      14
      25
      18
      33
      20
      27
      28
      32
      21
      25
      26
      10
      22
      17
      21
      19
      31
      15
      26
      24
      24
      22
      21
      22
      23
      21
      23
      21
      25
      29
      33
      24
      19
      28
      24
      26
      30
      23
      23
      18
      25
      15
      22
      28
      21
      34
      24
      22
      25
      19
      21
      30
      17
      21
      23
      25
      20
      20
      19
      18
      20
      19
      17
      24
      22
      22
      18
      17
      18
      18
      23
      31
      21
      24
      23
      19
      24
      14
      15
      17
      23
      12
      21
      18
      18
      26
      20
      24
      21
      34
      20
      23
      16
      11
      20
      18
      16
      20
      18
      14
      13
      16
      14
      19
      17
      22
      13
      23
      18
      16
      21
      24
      21
      22
      20
      17
      19
      14
      14
      18
      16
      15
      15
      18
      20
      15
      10
       9
      14
      17
      17
      18
       7
      16
      28
      17
      18
      12
      20
      19
      21
      27
      20
      19
      17
      17
      19
      18
      29
      12
      17
      12
      15
      16
      15
      20
      11
      21
      11
      21
      22
      24
      13
      19
      16
      18
      12
      14
      14
      14
      17
      10
      16
      13
      12
      21
      21
      17
      18
      15
      17
      19
      16
      19
      22
      17
      13
      10
      12
      18
      18
      24
      22
      13
      16
      10
      24
       8
      13
      12
      10
      11
      16
      15
      18
      17
      14
      21
      14
      19
      14
       9
      13
      16
      18
       9
      13
       6
      13
      22
      11
      16
      14
      16
      11
      16
      14
      18
      16
      12
      14
      12
      14
      17
       8
      12
      13
      11
      11
       8
      11
       8
      12
      14
      12
      11
       9
       9
      11
      13
       8
      16
      16
      12
      14
       8
      12
      13
       6
      15
      14
      10
      13
      11
       6
       7
      11
      15
      12
       6
       9
      14
      13
       7
       9
      11
      13
      12
       8
      11
      15
      13
       5
      11
      10
       6
       6
      10
      12
       7
       7
       9
       9
       9
       6
      10
      12
      17
       2
      12
      11
      10
      10
       6
      12
      14
      21
       6
      11
      10
      10
       7
       8
      10
       7
       7
       9
      10
       4
       7
      11
       9
      10
      15
       9
       6
       6
      10
       9
       5
      14
       9
       6
       7
      12
      11
       6
       5
      12
       2
       9
      13
      11
      11
      10
       9
       8
      10
       7
       5
       9
      10
       7
      16
       8
       6
       5
      10
      12
      13
       9
      17
      19
       7
      10
      15
      10
      14
      14
      11
      14
      10
      10
      20
      16
      18
       9
      12
      13
      17
      13
      19
      17
      17
      12
      16
      13
      23
      16
      12
      15
      15
      16
      12
      12
      18
      16
      21
      14
      11
       8
      12
      15
      14
       7
       8
      10
      13
      14
      14
      15
       9
      10
       7
      10
      13
       8
       9
      14
      10
      10
      10
      14
      10
      16
       7
      14
       9
       5
      13
      12
       3
      12
       6
       7
       5
       8
      10
       4
       6
       8
       8
       4
       8
       4
       6
       7
       5
       5
       7
       4
       7
       5
       3
       6
       6
       4
       8
       3
       7
       5
       5
       9
       2
       7
       6
       4
       2
       4
       4
       2
       6
       3
       6
       2
       6
       3
       3
       4
       6
       4
       2
       7
       5
      10
       6
       7
      10
$ROI:
1
357 512
$PRESETS:
None
0
0
$ENER_FIT:
65.660889 1.220368
$MCA_CAL:
3
6.566089E+001 1.220368E+000 3.246893E-004 keV
$SHAPE_CAL:
3
-1.003978E+001 1.756392E-001 -1.602170E-004
