$SPEC_ID:
No sample description was entered.
$SPEC_REM:
DET# 1
DETDESC# E-C07SRPLAB048 MCB 129
AP# Maestro Version 7.01
$DATE_MEA:
12/16/2016 15:47:04
$MEAS_TIM:
650 650
$DATA:
0 1023
       0
       0
       0
       0
       0
       0
       0
       0
       0
       0
       0
      13
      23
      23
      24
      21
      20
      19
      19
      19
      19
      15
      20
      25
      14
      15
      23
      17
      30
      23
      17
      34
      23
      23
      26
      23
      23
      27
      23
      22
      26
      29
      30
      25
      41
      33
      35
      47
      32
      48
      53
      55
      46
      58
      65
      59
      61
      60
      59
      53
      53
      58
      46
      52
      50
      38
      49
      55
      43
      49
      44
      35
      39
      53
      48
      46
      42
      45
      54
      59
      39
      55
      42
      56
      58
      47
      46
      54
      49
      49
      49
      48
      45
      51
      43
      55
      54
      52
      37
      54
      46
      53
      44
      49
      53
      55
      53
      50
      33
      49
      46
      38
      46
      37
      40
      45
      45
      39
      47
      38
      44
      41
      41
      33
      46
      36
      49
      41
      40
      32
      31
      41
      45
      44
      35
      35
      39
      41
      27
      38
      42
      33
      35
      34
      25
      31
      35
      44
      32
      33
      31
      29
      38
      28
      36
      27
      40
      27
      28
      43
      29
      36
      31
      21
      23
      29
      24
      21
      34
      31
      30
      26
      30
      22
      29
      28
      34
      17
      24
      17
      31
      28
      37
      33
      31
      29
      32
      34
      35
      27
      26
      24
      31
      32
      30
      17
      32
      26
      38
      24
      25
      18
      31
      25
      43
      22
      26
      26
      35
      26
      26
      22
      24
      32
      31
      24
      23
      32
      27
      32
      28
      26
      30
      28
      33
      43
      37
      42
      40
      37
      33
      58
      59
      55
      57
      50
      49
      64
      66
      67
      84
      76
      75
     108
      85
     107
     105
     122
     112
     124
     127
     125
     108
     100
     119
     117
     115
     116
     107
      91
      92
     112
     126
      93
      98
      80
      89
      82
      77
      80
      70
      59
      73
      56
      56
      45
      49
      51
      27
      35
      35
      23
      35
      32
      23
      28
      20
      25
      23
      22
      23
      17
      24
      17
      25
      16
      22
      19
      23
      11
      18
      19
      17
      17
      15
      14
      22
      23
      19
      19
      17
      20
      19
      11
      21
      16
      12
      23
      18
      16
      18
      20
      21
      21
      13
      16
      22
      17
      19
      13
       6
      18
      11
      15
      14
      13
       9
      12
      16
      18
       9
      12
      16
       8
      16
      17
      10
      10
      12
       5
       4
      11
       8
       8
      10
       9
      10
       4
       8
       6
      11
       7
       8
       9
       6
       5
       8
      10
       8
       7
       5
       2
      10
       5
      12
       2
       7
       7
      11
       3
       9
       4
       1
       8
       9
       5
       7
       5
       5
       8
       8
       6
       4
       9
       8
       4
       7
       6
       5
       7
       7
       3
       2
       7
       5
       7
       3
      10
       7
       3
       2
       6
       2
       5
       9
       7
       8
       2
       4
       5
       2
       6
       4
       5
       3
       2
       3
       7
       4
       2
       4
       7
       6
       6
       3
       7
       5
       5
       5
       5
       4
       4
       4
       6
       4
       2
       4
       6
       0
       2
       6
       6
       3
       4
       4
       3
       2
       1
       3
       4
       2
       2
       4
       5
       3
       7
       4
       3
       3
       4
       5
       3
       3
       4
       1
       7
       2
       5
       2
       8
       4
       5
       5
       6
       5
       4
       7
      10
       6
       6
       4
       5
       3
       1
       3
       4
      10
       3
       4
       1
       1
       1
       4
       2
       5
       2
       5
       3
       6
       4
       1
       2
       2
       3
       2
       4
       3
       5
       6
       4
       4
       5
       3
       3
       3
       4
       4
       4
       2
       2
       4
       3
       8
       3
       5
       3
       2
       6
       9
       2
       4
       0
       3
       4
       8
       1
       3
       5
       6
       4
       4
       4
       4
       1
       2
       4
       2
       1
       2
       7
       3
       5
       9
       4
       2
       3
       5
       6
       3
       3
       6
       3
       2
       4
       1
       1
       5
       1
       6
       5
       3
       0
       2
       4
       3
       5
       3
       1
       5
       2
       3
       6
       4
       2
       6
       2
       4
       1
       5
       3
       4
       2
       2
       1
       3
       2
       4
       3
       0
       1
       1
       5
       3
       3
       3
       2
       1
       1
       1
       4
       3
       6
       1
       3
       4
       6
       4
       2
       2
       2
       3
       3
       2
       2
       2
       2
       2
       2
       4
       3
       1
       1
       2
       3
       1
       2
       2
       4
       0
       4
       2
       4
       2
       3
       4
       3
       1
       3
       2
       1
       2
       5
       2
       1
       0
       0
       1
       2
       4
       4
       1
       0
       3
       4
       1
       1
       1
       3
       2
       5
       5
       4
       2
       2
       2
       3
       1
       4
       4
       2
       2
       4
       2
       2
       3
       0
       3
       3
       0
       0
       5
       4
       1
       3
       1
       1
       5
       1
       5
       2
       2
       3
       2
       2
       2
       0
       2
       3
       5
       1
       1
       1
       4
       2
       4
       4
       2
       2
       3
       2
       2
       1
       2
       3
       2
       2
       1
       2
       1
       4
       0
       2
       0
       0
       1
       2
       1
       1
       4
       0
       2
       0
       0
       4
       1
       4
       1
       3
       0
       2
       3
       1
       2
       1
       2
       5
       0
       2
       6
       2
       4
       1
       3
       5
       1
       0
       0
       0
       1
       3
       1
       2
       2
       2
       2
       0
       2
       1
       1
       2
       1
       2
       1
       3
       3
       0
       0
       0
       5
       1
       2
       1
       1
       2
       2
       1
       2
       0
       3
       1
       1
       0
       0
       3
       1
       0
       3
       3
       0
       1
       2
       2
       1
       1
       2
       1
       1
       1
       0
       0
       1
       2
       1
       3
       3
       0
       3
       0
       1
       0
       3
       0
       1
       1
       2
       0
       4
       1
       0
       2
       0
       0
       1
       0
       1
       2
       1
       1
       2
       2
       1
       0
       2
       3
       1
       3
       4
       0
       1
       0
       2
       2
       0
       1
       2
       2
       0
       1
       0
       0
       1
       1
       0
       2
       3
       1
       0
       3
       2
       2
       1
       2
       2
       3
       2
       3
       2
       1
       2
       4
       3
       1
       0
       4
       2
       1
       3
       2
       1
       5
       2
       1
       1
       0
       1
       2
       2
       0
       1
       3
       1
       3
       3
       2
       2
       0
       4
       3
       3
       1
       2
       3
       1
       1
       3
       2
       1
       1
       2
       1
       2
       1
       2
       0
       3
       1
       1
       0
       0
       0
       2
       1
       2
       4
       2
       2
       0
       1
       1
       1
       0
       6
       1
       2
       0
       1
       0
       1
       1
       0
       1
       3
       2
       3
       1
       1
       2
       1
       2
       3
       1
       1
       1
       0
       0
       2
       0
       2
       1
       0
       1
       0
       0
       0
       1
       0
       1
       2
       0
       1
       0
       0
       1
       0
       2
       1
       0
       1
       0
       1
       0
       1
       1
       0
       1
       0
       1
       0
       0
       2
       0
       0
       0
       1
$ROI:
1
357 512
$PRESETS:
None
0
0
$ENER_FIT:
65.660889 1.220368
$MCA_CAL:
3
6.566089E+001 1.220368E+000 3.246893E-004 keV
$SHAPE_CAL:
3
-1.003978E+001 1.756392E-001 -1.602170E-004
