$SPEC_ID:
No sample description was entered.
$SPEC_REM:
DET# 1
DETDESC# E-C07SRPLAB048 MCB 129
AP# Maestro Version 7.01
$DATE_MEA:
12/16/2016 15:59:14
$MEAS_TIM:
700 700
$DATA:
0 1023
       0
       0
       0
       0
       0
       0
       0
       0
       0
       0
       2
       7
      40
      46
      36
      24
      26
      34
      28
      26
      37
      43
      33
      34
      35
      36
      35
      36
      36
      32
      42
      38
      47
      32
      40
      44
      42
      38
      38
      36
      41
      45
      33
      41
      44
      52
      48
      54
      60
      69
      59
      61
      64
      78
      69
      59
      75
      88
      73
      76
      72
      81
      70
      66
      80
      66
      63
      67
      56
      75
      68
      75
      81
      71
      56
      64
      65
      66
      78
      83
      72
      62
      69
      70
      88
      66
      72
      69
      73
      83
      73
      56
      70
      62
      63
      77
      62
      62
      65
      57
      62
      51
      64
      52
      63
      71
      59
      70
      57
      51
      57
      63
      69
      58
      74
      80
      51
      66
      58
      56
      74
      54
      54
      67
      61
      49
      78
      54
      56
      54
      66
      60
      54
      48
      66
      41
      44
      52
      52
      56
      58
      45
      46
      45
      43
      47
      57
      54
      59
      53
      47
      48
      53
      45
      45
      49
      56
      45
      38
      48
      49
      51
      36
      49
      42
      39
      52
      60
      48
      37
      49
      47
      48
      35
      36
      42
      42
      57
      48
      41
      41
      51
      48
      41
      48
      38
      43
      35
      42
      51
      39
      32
      48
      26
      41
      46
      35
      35
      38
      26
      37
      42
      51
      31
      28
      27
      43
      40
      41
      35
      31
      28
      33
      29
      33
      35
      25
      28
      33
      24
      27
      41
      27
      35
      32
      34
      42
      29
      29
      28
      37
      38
      41
      40
      25
      40
      20
      24
      35
      20
      32
      36
      35
      32
      32
      25
      40
      36
      35
      39
      30
      31
      28
      32
      33
      19
      32
      33
      28
      34
      29
      41
      47
      35
      29
      27
      38
      39
      52
      35
      51
      43
      49
      44
      55
      51
      64
      66
      58
      69
      70
      69
      85
      81
      86
      91
      85
     108
     113
     119
     107
     112
     136
     110
     135
     141
     138
     127
     147
     160
     165
     170
     152
     147
     155
     138
     149
     144
     138
     113
     139
     122
     112
     128
     105
     117
     102
     111
     113
     112
     106
      87
      88
      87
      93
      95
      86
      74
      60
      59
      69
      57
      59
      38
      50
      44
      49
      34
      42
      49
      55
      36
      34
      29
      36
      35
      38
      26
      33
      39
      46
      47
      25
      34
      47
      40
      48
      51
      33
      43
      34
      47
      34
      43
      39
      43
      37
      40
      34
      37
      46
      33
      32
      32
      34
      31
      31
      28
      26
      21
      28
      27
      27
      22
      24
      14
      20
      28
      23
       8
      25
      19
      19
      19
      15
      15
      11
      10
       9
      15
      10
      11
       6
       7
      10
      11
       6
       9
       7
       8
       8
       9
       8
       4
       7
       5
       5
       5
       5
       5
       8
      10
       4
       9
       4
       8
       6
       9
       9
       5
       4
       1
       3
       8
       8
       3
       3
       9
       4
       2
       7
       4
       5
       3
       4
       4
       9
       5
       3
       5
       3
       7
       5
       6
       3
       6
       6
       3
       2
       2
       3
       3
       3
       9
       6
       4
       3
       5
       1
       4
       5
       7
       2
       2
       5
       6
       7
       6
       4
       2
       3
       3
       2
       3
       1
       0
       2
       3
       5
       4
       2
       3
       1
       5
       2
       2
       4
       7
       5
       4
       6
       3
       5
       5
       4
       4
       5
       7
       1
       5
       4
       3
       2
       3
       2
       7
       5
       2
       4
       0
       3
       4
       3
       3
       1
       2
       5
       3
       4
       1
       3
       7
       3
       7
       9
       3
       4
       2
       3
       3
       3
       3
       1
       1
       4
       5
       0
       5
       6
       4
       3
       4
       2
       3
       1
       3
       0
       1
       1
       1
       4
       2
       1
       2
       1
       1
       2
       3
       3
       1
       5
       5
       0
       2
       1
       6
       1
       8
       3
       2
       3
       6
       4
       1
       1
       3
       3
       0
       1
       4
       2
       2
       1
       3
       4
       2
       2
       2
       3
       3
       0
       5
       2
       4
       1
       0
       5
       2
       1
       3
       0
       7
       2
       5
       7
       3
       3
       3
       2
       3
       2
       5
       3
       3
       1
       1
       2
       1
       3
       2
       4
       3
       6
       3
       3
       2
       2
       3
       2
       4
       2
       1
       2
       3
       2
       5
       2
       1
       3
       1
       2
       3
       3
       3
       2
       0
       2
       5
       4
       4
       4
       4
       2
       2
       2
       3
       3
       2
       3
       1
       2
       3
       2
       3
       1
       2
       2
       1
       1
       2
       2
       2
       2
       2
       2
       3
       0
       2
       0
       3
       3
       2
       3
       2
       1
       6
       2
       4
       5
       0
       2
       1
       1
       3
       6
       3
       1
       2
       1
       2
       3
       0
       0
       1
       1
       2
       2
       3
       2
       0
       3
       3
       5
       4
       2
       3
       1
       2
       4
       1
       1
       2
       3
       2
       2
       1
       0
       3
       1
       1
       0
       2
       1
       3
       2
       1
       2
       2
       0
       1
       3
       2
       2
       0
       2
       0
       2
       4
       1
       1
       3
       0
       1
       3
       4
       3
       2
       3
       4
       2
       3
       3
       2
       0
       2
       2
       0
       4
       2
       5
       2
       2
       1
       2
       2
       1
       2
       2
       1
       2
       2
       2
       0
       5
       2
       2
       1
       1
       2
       4
       1
       4
       2
       2
       2
       0
       1
       1
       1
       1
       1
       1
       2
       0
       2
       1
       2
       0
       1
       2
       0
       1
       0
       2
       2
       4
       2
       1
       0
       2
       2
       0
       1
       0
       0
       3
       2
       0
       1
       0
       3
       1
       3
       0
       3
       1
       1
       1
       1
       1
       1
       1
       3
       2
       1
       0
       1
       1
       1
       1
       2
       3
       1
       0
       1
       0
       0
       0
       1
       1
       1
       2
       1
       1
       2
       1
       1
       5
       1
       2
       1
       1
       0
       1
       3
       2
       2
       3
       1
       5
       1
       1
       3
       2
       0
       3
       2
       2
       1
       2
       3
       1
       2
       1
       4
       0
       0
       0
       1
       2
       2
       0
       3
       3
       0
       0
       2
       3
       3
       4
       0
       6
       1
       3
       0
       2
       1
       3
       1
       1
       5
       0
       2
       6
       4
       5
       1
       3
       1
       4
       2
       6
       1
       0
       3
       5
       2
       1
       1
       1
       5
       1
       3
       0
       4
       4
       3
       1
       3
       0
       3
       1
       1
       0
       3
       3
       1
       1
       0
       1
       1
       2
       2
       0
       3
       0
       0
       2
       1
       1
       1
       1
       1
       1
       0
       0
       0
       0
       1
       1
       1
       0
       3
       0
       0
       2
       1
       3
       2
       2
       1
       0
       0
       0
       1
       0
       1
       3
       2
       3
       0
       0
       2
       1
       0
       0
       0
       0
       1
       0
       1
       0
       1
       0
$ROI:
1
357 512
$PRESETS:
None
0
0
$ENER_FIT:
65.660889 1.220368
$MCA_CAL:
3
6.566089E+001 1.220368E+000 3.246893E-004 keV
$SHAPE_CAL:
3
-1.003978E+001 1.756392E-001 -1.602170E-004
