$SPEC_ID:
No sample description was entered.
$SPEC_REM:
DET# 1
DETDESC# E-C07SRPLAB048 MCB 129
AP# Maestro Version 7.01
$DATE_MEA:
12/09/2016 13:00:58
$MEAS_TIM:
3848 3848
$DATA:
0 1023
       0
       0
       0
       0
       0
       0
       0
       0
       0
       0
       3
      38
      88
      85
      91
      87
      96
      94
      92
      91
     112
      93
     103
     113
     104
      97
     121
      98
     111
     113
     106
     112
     134
      99
     113
     117
     117
     140
     106
     121
     123
     129
     134
     141
     155
     159
     155
     186
     184
     216
     244
     255
     292
     278
     342
     323
     329
     313
     283
     296
     291
     276
     308
     271
     249
     240
     255
     236
     231
     223
     222
     199
     256
     218
     224
     232
     240
     250
     241
     215
     290
     256
     269
     259
     236
     295
     309
     264
     284
     289
     300
     313
     248
     291
     261
     301
     288
     271
     248
     266
     249
     248
     245
     271
     273
     241
     240
     218
     256
     258
     235
     224
     234
     242
     204
     216
     275
     222
     221
     205
     233
     211
     219
     220
     187
     210
     207
     198
     171
     178
     186
     186
     201
     187
     175
     185
     182
     151
     218
     190
     177
     192
     172
     181
     178
     178
     197
     177
     175
     175
     189
     192
     202
     181
     174
     175
     194
     197
     157
     160
     178
     179
     183
     186
     187
     167
     182
     193
     218
     194
     199
     217
     237
     229
     275
     253
     293
     298
     308
     308
     350
     381
     430
     434
     477
     500
     546
     554
     563
     600
     605
     606
     722
     634
     654
     687
     639
     656
     619
     679
     621
     574
     519
     538
     520
     478
     476
     387
     388
     348
     329
     299
     277
     277
     228
     216
     218
     216
     173
     167
     176
     161
     147
     158
     160
     148
     130
     140
     134
     138
     139
     140
     156
     131
     135
     144
     142
     130
     158
     161
     151
     143
     139
     160
     155
     143
     135
     120
     135
     128
     130
     127
     131
     127
     111
     110
     107
     108
      92
      89
      85
      88
     105
      83
      70
      71
      82
      88
      71
      64
      60
      76
      52
      53
      59
      59
      57
      53
      58
      52
      48
      46
      61
      58
      51
      48
      61
      56
      57
      53
      53
      51
      58
      53
      51
      44
      50
      45
      54
      54
      58
      41
      58
      52
      54
      49
      58
      40
      40
      42
      53
      53
      60
      51
      37
      46
      58
      36
      44
      36
      46
      53
      37
      47
      38
      50
      40
      44
      46
      39
      65
      55
      49
      43
      43
      51
      45
      45
      52
      55
      41
      44
      52
      46
      58
      58
      28
      42
      34
      47
      39
      43
      29
      31
      35
      31
      38
      38
      43
      51
      33
      35
      47
      35
      34
      31
      35
      48
      34
      36
      26
      41
      26
      37
      29
      34
      38
      32
      35
      27
      41
      38
      25
      42
      40
      43
      40
      33
      48
      46
      32
      26
      34
      31
      35
      35
      31
      45
      34
      41
      43
      41
      33
      32
      32
      37
      30
      30
      34
      30
      39
      33
      26
      27
      28
      32
      28
      28
      29
      22
      28
      28
      26
      21
      30
      26
      28
      36
      23
      28
      34
      21
      26
      25
      27
      25
      24
      26
      26
      19
      24
      23
      34
      37
      27
      22
      30
      19
      26
      28
      22
      36
      29
      23
      23
      23
      23
      35
      30
      26
      29
      30
      25
      29
      24
      29
      26
      31
      20
      22
      24
      22
      15
      22
      31
      19
      22
      27
      22
      23
      21
      28
      16
      20
      21
      27
      29
      12
      27
      24
      24
      21
      27
      25
      22
      20
      13
      13
      17
      20
      23
      19
      23
      19
      22
      29
      22
      20
      22
      15
      21
      20
      26
      15
      23
      24
      26
      24
      29
      18
      18
      18
      21
      12
      23
      19
      20
      25
      15
      25
      20
      23
      20
      29
      14
      20
      28
      23
      22
      24
      15
      16
      22
      18
      18
      20
      23
      17
      32
      21
      24
      17
      14
      25
      23
      28
      21
      19
      12
      18
      24
      25
      12
      19
      20
      14
      14
      18
      16
      16
      21
      14
      29
      18
      20
      19
      15
      18
      18
      19
      21
      20
      21
      26
      19
      13
      17
       9
      16
      27
      13
      24
      22
      16
      11
      14
      20
      20
      19
      19
      22
      20
      22
      17
      19
      13
      20
      16
      17
      15
      19
      15
      14
      18
      15
      24
      22
      16
      12
      16
      16
      23
      18
      21
      17
      16
      23
      19
      19
      15
      18
      11
      13
      27
      15
      11
      20
      16
      15
      17
      12
      17
      15
      21
      16
      20
      19
      12
      13
      15
      17
      24
      13
      16
      17
      15
       9
      17
      13
      11
      12
      13
      15
       8
      12
      16
      14
      21
      17
       9
      11
      11
      16
      13
      15
       9
      10
      15
      19
       7
      11
      25
      14
      13
      18
      16
      16
      18
      17
      14
      14
       8
       6
      12
       9
      13
       9
      16
       7
       9
      14
      14
      14
      17
      17
      15
      20
      14
      17
       9
      14
      12
      16
      18
      11
      18
      17
      13
      22
      18
      16
      13
      12
       7
      10
      22
      17
      13
      11
       9
      14
      12
       7
      21
       8
      20
      15
      15
      18
      12
      11
      14
      16
       9
      11
      10
      16
      17
      13
      12
      13
      11
       9
      14
       8
      14
       9
       6
      12
      12
      13
      11
      14
      16
      14
      15
      10
      14
      14
       5
      14
      16
      11
       9
      14
      11
      13
       6
       9
       8
      14
      10
       9
      12
       9
      11
       8
       9
      12
      11
      10
       9
      11
       9
      14
       8
      13
      10
      10
       7
       8
       9
       7
      14
      12
       6
       9
       8
      11
       8
       9
      10
       6
      11
       9
      11
      11
      11
       7
       5
       7
      12
       7
       5
      14
      15
       8
      10
      12
       9
       7
      12
       3
      11
      14
      11
      11
      10
       4
       1
      11
      10
      12
       5
       5
       5
       8
       8
       5
      12
       7
       4
       7
      11
       8
      10
       8
       6
       7
      12
       7
       7
       7
       3
       6
      11
       7
       5
       5
      14
       5
       8
      11
       5
       6
       4
      13
       7
      10
      11
       6
       6
       8
      13
      16
       4
       5
       7
       6
       5
       4
       8
       9
       8
       5
      10
       9
       7
       5
      11
      16
      11
       9
      10
      12
       6
      10
      10
      10
      11
      14
      14
      10
       8
      12
       7
      12
       8
      14
      15
      10
       9
       9
      11
      13
      11
      16
      10
      15
      12
      22
       9
      19
       8
      12
      16
      13
      11
       9
       7
      13
      11
      14
       9
      13
      13
       9
       9
      12
      11
      11
      12
       3
      16
       8
      12
      17
      12
       8
      14
       4
      12
       8
       5
       7
       5
       9
       6
       3
       7
       4
       6
       5
       5
       7
       6
       7
       6
       2
       9
       3
       6
       8
       8
       6
       7
       3
       6
       2
       4
       8
       2
       4
       5
       5
       4
       4
       4
       4
       6
       2
       6
       8
       4
       5
       5
       5
       7
       3
       4
       4
       4
       6
       3
       4
       4
       4
       6
       5
       4
       4
       4
       4
       8
$ROI:
1
170 216
$PRESETS:
None
0
0
$ENER_FIT:
0.000000 1.515067
$MCA_CAL:
3
0.000000E+000 1.515067E+000 0.000000E+000 keV
$SHAPE_CAL:
3
3.332076E+001 0.000000E+000 0.000000E+000
