$SPEC_ID:
No sample description was entered.
$SPEC_REM:
DET# 1
DETDESC# E-C07SRPLAB048 MCB 129
AP# Maestro Version 7.01
$DATE_MEA:
12/09/2016 14:42:37
$MEAS_TIM:
466 466
$DATA:
0 1023
       0
       0
       0
       0
       0
       0
       0
       0
       0
       0
       2
       8
      40
      39
      19
      41
      22
      27
      38
      29
      35
      34
      36
      29
      36
      43
      27
      24
      28
      43
      30
      29
      38
      33
      31
      39
      31
      27
      29
      45
      27
      38
      34
      30
      37
      42
      42
      48
      54
      58
      54
      62
      61
      58
      55
      59
      83
      75
      74
      67
      56
      47
      47
      66
      62
      51
      53
      53
      59
      54
      58
      53
      44
      58
      54
      41
      51
      45
      68
      43
      45
      52
      53
      46
      69
      61
      51
      71
      57
      54
      55
      65
      48
      56
      46
      59
      50
      44
      56
      53
      62
      54
      61
      38
      63
      54
      60
      58
      47
      55
      45
      51
      49
      43
      46
      49
      59
      54
      53
      46
      51
      58
      58
      49
      45
      54
      58
      45
      53
      42
      42
      55
      60
      53
      46
      47
      48
      46
      38
      48
      40
      40
      54
      48
      33
      40
      53
      41
      53
      42
      51
      40
      45
      42
      44
      40
      36
      44
      43
      49
      45
      50
      40
      52
      42
      29
      27
      32
      32
      48
      38
      43
      39
      44
      45
      36
      41
      35
      52
      47
      43
      34
      30
      42
      41
      29
      31
      41
      45
      32
      43
      42
      36
      39
      47
      43
      42
      32
      40
      49
      51
      49
      43
      33
      38
      33
      38
      31
      36
      36
      32
      31
      35
      40
      38
      31
      28
      47
      30
      43
      33
      37
      37
      31
      24
      28
      28
      24
      32
      28
      34
      34
      27
      25
      39
      39
      35
      33
      27
      32
      32
      29
      31
      36
      27
      37
      19
      20
      27
      22
      37
      27
      27
      34
      34
      27
      21
      29
      31
      28
      35
      29
      23
      24
      23
      21
      21
      26
      30
      29
      26
      26
      26
      20
      17
      27
      35
      21
      20
      30
      25
      38
      22
      30
      26
      25
      22
      25
      30
      35
      25
      31
      26
      18
      24
      24
      33
      22
      31
      38
      28
      24
      38
      44
      31
      27
      45
      36
      48
      33
      44
      44
      54
      31
      45
      59
      60
      47
      58
      51
      68
      81
      82
      81
      80
      81
      75
      72
     104
     102
     108
      95
      93
     125
      90
     125
     116
     115
     116
     129
     128
     112
     103
     102
      76
     123
     116
     110
      99
     108
     110
     117
      87
     104
      80
     109
      91
      77
      78
      62
      65
      79
      83
      74
      77
      62
      62
      63
      59
      73
      63
      61
      61
      50
      64
      63
      57
      57
      64
      47
      45
      50
      57
      55
      54
      64
      49
      45
      58
      46
      45
      55
      63
      39
      45
      44
      47
      33
      49
      39
      30
      53
      41
      31
      24
      28
      27
      26
      17
      16
      21
      24
      18
      22
      18
      20
      15
      14
      11
      11
      10
       6
       5
      15
       8
       8
      11
       6
       6
       6
       6
       7
       2
       2
       6
       3
       3
       8
       4
       6
       6
      11
       6
      10
       4
       4
       3
       4
       5
       2
       6
       3
       3
       1
       4
       2
       3
       2
       3
       3
       3
       5
       2
       4
       1
       2
       2
       0
       4
       3
       3
       1
       3
       1
       2
       2
       0
       3
       4
       4
       4
       5
       6
       3
       2
       2
       2
       2
       3
       0
       2
       2
       3
       5
       1
       3
       1
       3
       3
       4
       0
       2
       1
       5
       2
       2
       1
       2
       3
       3
       1
       0
       0
       4
       0
       2
       3
       2
       2
       5
       0
       1
       7
       3
       6
       1
       5
       1
       2
       3
       1
       2
       2
       0
       2
       2
       2
       1
       2
       1
       3
       2
       1
       3
       3
       1
       1
       1
       3
       6
       5
       2
       2
       1
       2
       4
       1
       4
       3
       2
       1
       4
       4
       2
       3
       2
       1
       1
       3
       3
       2
       1
       0
       4
       1
       3
       1
       3
       3
       2
       0
       3
       0
       0
       3
       2
       2
       3
       1
       2
       3
       2
       1
       2
       3
       1
       1
       3
       3
       0
       2
       2
       0
       1
       8
       4
       1
       2
       2
       4
       0
       0
       2
       1
       0
       4
       1
       1
       2
       3
       3
       1
       1
       0
       0
       5
       1
       2
       0
       3
       1
       3
       3
       1
       1
       2
       2
       2
       2
       1
       0
       2
       0
       0
       1
       3
       2
       0
       2
       0
       4
       3
       4
       1
       0
       2
       0
       3
       1
       1
       3
       1
       2
       3
       2
       2
       6
       1
       1
       4
       2
       3
       0
       2
       2
       1
       1
       1
       1
       2
       2
       2
       1
       0
       3
       3
       2
       1
       0
       0
       1
       1
       4
       0
       1
       2
       0
       2
       1
       3
       1
       0
       1
       2
       0
       0
       1
       1
       2
       1
       0
       4
       7
       2
       1
       2
       2
       4
       0
       0
       3
       4
       3
       1
       2
       3
       3
       2
       2
       0
       1
       1
       8
       0
       3
       1
       3
       0
       4
       1
       1
       1
       0
       0
       2
       0
       3
       1
       1
       1
       0
       1
       0
       1
       0
       1
       2
       0
       1
       1
       1
       0
       2
       1
       2
       1
       0
       0
       1
       2
       0
       1
       0
       0
       0
       1
       0
       1
       2
       0
       1
       3
       3
       6
       3
       0
       1
       3
       1
       2
       1
       0
       1
       3
       0
       2
       3
       0
       0
       1
       1
       0
       0
       2
       3
       2
       2
       0
       0
       2
       1
       0
       0
       2
       1
       1
       0
       0
       2
       1
       2
       2
       0
       1
       0
       1
       2
       2
       2
       1
       0
       0
       1
       0
       1
       1
       2
       2
       0
       1
       1
       1
       2
       1
       2
       0
       0
       1
       1
       0
       0
       0
       1
       1
       0
       1
       1
       4
       0
       0
       0
       1
       0
       0
       0
       0
       0
       1
       2
       1
       1
       0
       1
       1
       1
       0
       0
       2
       1
       1
       0
       0
       2
       0
       0
       1
       2
       0
       2
       1
       0
       4
       1
       0
       0
       2
       0
       2
       0
       0
       3
       2
       2
       2
       1
       0
       2
       0
       3
       0
       1
       2
       2
       2
       1
       2
       1
       2
       0
       0
       2
       1
       0
       0
       1
       2
       0
       0
       3
       1
       1
       0
       0
       1
       1
       2
       1
       1
       1
       0
       1
       1
       1
       1
       1
       0
       1
       1
       2
       3
       1
       1
       3
       2
       2
       1
       0
       2
       0
       3
       2
       0
       1
       1
       1
       1
       1
       2
       2
       0
       2
       1
       1
       0
       0
       1
       0
       3
       1
       1
       3
       0
       2
       0
       1
       0
       1
       2
       0
       2
       1
       1
       1
       0
       0
       3
       1
       0
       0
       0
       0
       0
       0
       0
       1
       1
       1
       1
       1
       1
       0
       0
       0
       0
       0
       2
       0
       1
       1
       2
       1
       0
       2
       0
$ROI:
1
298 388
$PRESETS:
None
0
0
$ENER_FIT:
0.000000 1.515067
$MCA_CAL:
3
0.000000E+000 1.515067E+000 0.000000E+000 keV
$SHAPE_CAL:
3
3.332076E+001 0.000000E+000 0.000000E+000
