$SPEC_ID:
No sample description was entered.
$SPEC_REM:
DET# 1
DETDESC# E-C07SRPLAB048 MCB 129
AP# Maestro Version 7.01
$DATE_MEA:
12/16/2016 12:25:04
$MEAS_TIM:
359 359
$DATA:
0 1023
       0
       0
       0
       0
       0
       0
       0
       0
       0
       0
       0
      13
      25
      32
      26
      31
      33
      30
      40
      33
      26
      36
      33
      22
      27
      24
      31
      18
      37
      36
      36
      28
      29
      31
      29
      32
      33
      42
      34
      35
      27
      32
      49
      29
      38
      44
      35
      35
      33
      50
      42
      69
      58
      69
      62
      59
      74
      62
      51
      62
      53
      50
      49
      52
      47
      44
      68
      43
      47
      48
      40
      61
      27
      56
      38
      43
      52
      40
      44
      45
      56
      41
      43
      42
      49
      30
      50
      35
      39
      39
      57
      41
      47
      62
      46
      39
      57
      41
      46
      42
      47
      56
      35
      54
      52
      54
      48
      39
      50
      55
      60
      45
      52
      40
      45
      59
      36
      38
      56
      60
      53
      53
      47
      39
      32
      43
      58
      37
      49
      52
      48
      33
      50
      38
      55
      54
      35
      43
      52
      38
      39
      45
      54
      47
      42
      43
      46
      38
      32
      41
      30
      37
      42
      36
      33
      43
      26
      48
      49
      36
      44
      38
      39
      42
      39
      46
      24
      32
      36
      41
      40
      33
      32
      38
      42
      47
      47
      35
      35
      49
      37
      49
      35
      40
      46
      30
      34
      34
      37
      39
      42
      34
      44
      38
      38
      40
      37
      28
      38
      34
      38
      39
      39
      38
      30
      38
      27
      38
      29
      45
      37
      37
      33
      28
      32
      40
      36
      35
      38
      40
      39
      38
      39
      40
      37
      31
      32
      30
      38
      40
      34
      32
      37
      26
      37
      33
      38
      29
      41
      33
      40
      39
      32
      27
      33
      34
      28
      38
      32
      28
      26
      31
      30
      27
      36
      19
      31
      30
      24
      30
      32
      39
      26
      36
      30
      24
      27
      22
      34
      27
      22
      36
      32
      29
      23
      24
      32
      24
      24
      23
      25
      21
      27
      23
      20
      26
      24
      20
      21
      29
      19
      18
      24
      17
      24
      26
      19
      27
      25
      21
      22
      24
      37
      27
      22
      21
      24
      18
      20
      11
      24
      16
      22
      23
      17
      19
      24
      23
      21
      12
      25
      20
      20
      22
      27
      26
      27
      12
      19
      25
      33
      28
      26
      24
      19
      22
      31
      26
      36
      27
      31
      35
      41
      50
      48
      42
      45
      42
      46
      55
      67
      58
      60
      72
      68
      83
      74
      83
      81
      79
      81
      76
      77
     112
     118
     116
     109
     107
      94
     112
     110
     103
      85
     117
      99
     118
     110
     127
     107
     121
     110
     119
     111
     103
     131
     118
     126
      98
     111
     110
      96
      77
      81
      88
      88
     101
      85
      79
      76
     105
      95
      61
      73
      71
      68
      78
      69
      48
      73
      70
      67
      69
      51
      59
      41
      34
      54
      37
      46
      37
      35
      36
      31
      41
      25
      24
      31
      29
      29
      27
      20
      23
      11
      17
      12
      12
      15
       9
      13
      12
      11
       9
      10
      10
      10
      10
       6
       8
       3
       6
       8
       5
       3
       5
       4
       4
       1
       5
       3
       1
       3
       0
       3
       4
       0
       0
       3
       3
       2
       0
       3
       3
       3
       1
       6
       4
       2
       4
       6
       2
       2
       1
       2
       1
       1
       1
       2
       0
       1
       2
       2
       2
       2
       1
       1
       1
       1
       2
       1
       1
       1
       5
       1
       3
       5
       2
       2
       2
       2
       3
       2
       1
       1
       0
       0
       2
       5
       2
       3
       0
       0
       3
       0
       1
       2
       0
       2
       2
       3
       4
       2
       2
       1
       1
       3
       0
       0
       2
       4
       3
       4
       2
       2
       2
       0
       2
       0
       3
       1
       1
       2
       2
       2
       3
       1
       1
       0
       1
       0
       2
       1
       4
       3
       0
       0
       1
       1
       1
       1
       0
       4
       1
       0
       2
       3
       0
       3
       2
       4
       4
       2
       1
       0
       0
       0
       1
       1
       1
       0
       1
       0
       1
       5
       0
       2
       4
       2
       0
       4
       0
       1
       1
       1
       1
       2
       0
       2
       0
       2
       2
       5
       0
       1
       1
       2
       2
       0
       1
       1
       3
       2
       2
       1
       3
       2
       2
       2
       2
       1
       0
       1
       1
       2
       1
       3
       2
       1
       0
       2
       0
       0
       2
       2
       0
       5
       0
       1
       1
       1
       1
       2
       0
       1
       1
       0
       2
       2
       1
       3
       1
       2
       1
       0
       0
       4
       1
       1
       1
       1
       0
       2
       2
       0
       0
       3
       0
       1
       1
       2
       1
       0
       2
       0
       1
       0
       1
       0
       1
       1
       3
       1
       4
       1
       2
       0
       1
       2
       1
       1
       1
       2
       1
       0
       1
       2
       1
       1
       1
       1
       0
       2
       3
       1
       3
       2
       1
       1
       2
       3
       3
       2
       3
       2
       1
       4
       0
       0
       1
       4
       1
       0
       0
       0
       0
       2
       0
       1
       1
       2
       2
       0
       1
       2
       3
       1
       1
       2
       1
       2
       3
       0
       1
       1
       1
       3
       1
       0
       0
       1
       2
       2
       1
       0
       1
       1
       1
       1
       0
       2
       0
       0
       2
       0
       1
       0
       1
       2
       0
       0
       2
       1
       0
       0
       2
       1
       2
       1
       2
       0
       0
       0
       0
       1
       0
       2
       1
       1
       1
       1
       0
       1
       1
       1
       1
       0
       0
       0
       0
       2
       1
       0
       0
       2
       0
       0
       3
       0
       1
       0
       2
       1
       1
       1
       2
       0
       0
       1
       1
       1
       1
       1
       1
       0
       1
       1
       3
       1
       0
       0
       0
       0
       0
       1
       1
       0
       0
       2
       1
       0
       0
       0
       1
       0
       0
       0
       0
       1
       1
       0
       1
       4
       0
       0
       0
       0
       1
       1
       0
       2
       0
       0
       1
       1
       0
       0
       1
       1
       1
       1
       1
       2
       0
       0
       1
       2
       1
       2
       2
       0
       0
       1
       1
       0
       0
       0
       1
       0
       0
       2
       1
       0
       0
       0
       0
       1
       0
       0
       1
       0
       0
       1
       1
       1
       2
       1
       1
       2
       0
       0
       0
       2
       0
       0
       0
       0
       1
       0
       3
       0
       0
       4
       1
       2
       2
       3
       2
       1
       1
       2
       0
       3
       0
       0
       2
       0
       4
       0
       0
       1
       0
       1
       0
       0
       0
       0
       0
       0
       3
       1
       0
       0
       0
       1
       1
       1
       0
       0
       0
       1
       0
       0
       0
       1
       1
       2
       0
       0
       0
       2
       2
       1
       0
       0
       0
       0
       1
       0
       0
       1
       1
       1
       1
       0
       1
       0
       0
       0
       1
       0
       0
       0
       1
       2
       1
       1
       0
       0
       0
       0
       1
       1
       0
       0
       1
       0
       0
       0
       0
       0
       0
       0
       0
       0
       0
$ROI:
1
357 512
$PRESETS:
None
0
0
$ENER_FIT:
65.660889 1.220368
$MCA_CAL:
3
6.566089E+001 1.220368E+000 3.246893E-004 keV
$SHAPE_CAL:
3
-1.003978E+001 1.756392E-001 -1.602170E-004
